1.654024026408e+07 -1.458589957488e+07 3.471965570154e+06 7.415756821466e+05 3.758201873892e+06 4.817459165657e+06 2.778795526673e+07 -9.982261735381e+03 -1.007893149986e+04 1.388780305354e+04 1.208164173856e+06 1.150837208209e+06 9.194948174478e+05 8.935999413762e+05 8.387727242687e+05 8.009334234939e+05 7.650361434393e+05 7.793176458049e+05 7.683472138602e+05 2.965273101569e+05 1.615511598608e+05 
-1.458589957488e+07 2.203898221122e+07 -6.487425373128e+06 -1.345131036421e+06 -5.470169497111e+06 -6.551221814826e+06 -3.817876505479e+07 4.335246723258e+03 4.922365508987e+03 -4.656852252326e+03 -2.671038474837e+06 -2.225621798158e+06 -1.673266925832e+06 -1.570705080516e+06 -1.422484249622e+06 -1.312997944870e+06 -1.216440206557e+06 -1.197599706514e+06 -1.130788778337e+06 -4.046162250455e+05 -1.877860570088e+05 
3.471965570154e+06 -6.487425373128e+06 2.741834708165e+06 5.728013055925e+05 1.619960430803e+06 1.705964499608e+06 1.443409434520e+07 4.086126450012e+02 4.526594835630e+02 -4.676616948409e+02 9.239887535345e+05 8.984428632149e+05 7.237727556951e+05 6.888934318767e+05 6.242503425483e+05 5.694368432239e+05 5.180964947644e+05 5.004669508486e+05 4.696908877752e+05 1.860863437687e+05 1.192380463153e+05 
7.415756821466e+05 -1.345131036421e+06 5.728013055925e+05 1.233066374686e+05 3.309084600994e+05 3.147332484829e+05 2.953978885038e+06 5.526421172012e+01 6.314820555240e+01 -5.940172122330e+01 1.273823797436e+05 1.517007776619e+05 1.348624615374e+05 1.374647948967e+05 1.318845421727e+05 1.263204842328e+05 1.200373317542e+05 1.209733518832e+05 1.189670776799e+05 4.914752554503e+04 3.261184175740e+04 
3.758201873892e+06 -5.470169497111e+06 1.619960430803e+06 3.309084600994e+05 1.401931861701e+06 1.799829515438e+06 9.733216285232e+06 -1.220094745546e+03 -1.356271205101e+03 1.382612858547e+03 8.125401475955e+05 5.954083475459e+05 4.256556992501e+05 3.844780697989e+05 3.401904959906e+05 3.095416522080e+05 2.843530438802e+05 2.784699242190e+05 2.620991496972e+05 9.260624600752e+04 4.167920968688e+04 
4.817459165657e+06 -6.551221814826e+06 1.705964499608e+06 3.147332484829e+05 1.799829515438e+06 2.917948739147e+06 1.142158210519e+07 -2.306999041901e+03 -2.493864188854e+03 2.781268820654e+03 1.644980188185e+06 9.363231969933e+05 5.475319975483e+05 4.120545187418e+05 3.032685760457e+05 2.306025831549e+05 1.765415769899e+05 1.407378384071e+05 9.881052568190e+04 1.549296241231e+04 -1.173487592043e+04 
2.778795526673e+07 -3.817876505479e+07 1.443409434520e+07 2.953978885038e+06 9.733216285232e+06 1.142158210519e+07 8.573521924442e+07 -6.014402822950e+03 -6.045490862596e+03 8.450888627826e+03 6.351812938045e+06 5.512893237505e+06 4.142034340201e+06 3.753316982871e+06 3.270787374373e+06 2.893295966693e+06 2.566231720648e+06 2.425215896172e+06 2.226839087392e+06 8.643704499233e+05 5.409892738471e+05 
-9.982261735381e+03 4.335246723258e+03 4.086126450012e+02 5.526421172012e+01 -1.220094745546e+03 -2.306999041901e+03 -6.014402822950e+03 1.240625161025e+02 1.757353142378e+02 -4.191989040239e+01 0.000000000000e+00 0.000000000000e+00 0.000000000000e+00 0.000000000000e+00 0.000000000000e+00 0.000000000000e+00 0.000000000000e+00 0.000000000000e+00 0.000000000000e+00 0.000000000000e+00 0.000000000000e+00 
-1.007893149986e+04 4.922365508987e+03 4.526594835630e+02 6.314820555240e+01 -1.356271205101e+03 -2.493864188854e+03 -6.045490862596e+03 1.757353142378e+02 2.606123576587e+02 -3.056130134979e+01 0.000000000000e+00 0.000000000000e+00 0.000000000000e+00 0.000000000000e+00 0.000000000000e+00 0.000000000000e+00 0.000000000000e+00 0.000000000000e+00 0.000000000000e+00 0.000000000000e+00 0.000000000000e+00 
1.388780305354e+04 -4.656852252326e+03 -4.676616948409e+02 -5.940172122330e+01 1.382612858547e+03 2.781268820654e+03 8.450888627826e+03 -4.191989040239e+01 -3.056130134979e+01 8.725371296779e+01 0.000000000000e+00 0.000000000000e+00 0.000000000000e+00 0.000000000000e+00 0.000000000000e+00 0.000000000000e+00 0.000000000000e+00 0.000000000000e+00 0.000000000000e+00 0.000000000000e+00 0.000000000000e+00 
1.208164173856e+06 -2.671038474837e+06 9.239887535345e+05 1.273823797436e+05 8.125401475955e+05 1.644980188185e+06 6.351812938045e+06 0.000000000000e+00 0.000000000000e+00 0.000000000000e+00 3.095023379482e+06 3.027469344026e+05 9.462592917198e+03 1.870619032072e+03 2.036202605728e+02 2.784794521879e+01 5.225607952590e+00 9.741053226888e-01 2.170870121367e-01 2.830222890464e-02 1.022465270178e-02 
1.150837208209e+06 -2.225621798158e+06 8.984428632149e+05 1.517007776619e+05 5.954083475459e+05 9.363231969933e+05 5.512893237505e+06 0.000000000000e+00 0.000000000000e+00 0.000000000000e+00 3.027469344026e+05 1.851737655549e+06 3.315273065801e+05 1.428672981074e+04 2.240419900994e+03 2.384221473216e+02 3.859529981378e+01 6.335307037101e+00 1.087640601279e+00 1.250233207065e-01 4.421224703645e-02 
9.194948174478e+05 -1.673266925832e+06 7.237727556951e+05 1.348624615374e+05 4.256556992501e+05 5.475319975483e+05 4.142034340201e+06 0.000000000000e+00 0.000000000000e+00 0.000000000000e+00 9.462592917198e+03 3.315273065801e+05 1.093589834592e+06 3.201346309999e+05 1.145190969524e+04 2.178569078949e+03 2.080811395090e+02 3.384967385103e+01 4.191997551384e+00 3.436546945349e-01 1.147278385178e-01 
8.935999413762e+05 -1.570705080516e+06 6.888934318767e+05 1.374647948967e+05 3.844780697989e+05 4.120545187418e+05 3.753316982871e+06 0.000000000000e+00 0.000000000000e+00 0.000000000000e+00 1.870619032072e+03 1.428672981074e+04 3.201346309999e+05 9.071678845992e+05 2.909022469613e+05 1.213111893094e+04 2.151031794161e+03 1.907406385688e+02 2.403874902595e+01 1.465667529686e+00 4.383232883444e-01 
8.387727242687e+05 -1.422484249622e+06 6.242503425483e+05 1.318845421727e+05 3.401904959906e+05 3.032685760457e+05 3.270787374373e+06 0.000000000000e+00 0.000000000000e+00 0.000000000000e+00 2.036202605728e+02 2.240419900994e+03 1.145190969524e+04 2.909022469613e+05 7.415694245004e+05 2.600458518030e+05 1.154902351099e+04 1.742883866796e+03 1.202103206461e+02 6.307536039486e+00 1.706500496125e+00 
8.009334234939e+05 -1.312997944870e+06 5.694368432239e+05 1.263204842328e+05 3.095416522080e+05 2.306025831549e+05 2.893295966693e+06 0.000000000000e+00 0.000000000000e+00 0.000000000000e+00 2.784794521879e+01 2.384221473216e+02 2.178569078949e+03 1.213111893094e+04 2.600458518030e+05 6.344544171895e+05 2.300016663032e+05 1.014580346572e+04 9.998186048104e+02 3.010208362284e+01 6.585425118266e+00 
7.650361434393e+05 -1.216440206557e+06 5.180964947644e+05 1.200373317542e+05 2.843530438802e+05 1.765415769899e+05 2.566231720648e+06 0.000000000000e+00 0.000000000000e+00 0.000000000000e+00 5.225607952590e+00 3.859529981378e+01 2.080811395090e+02 2.151031794161e+03 1.154902351099e+04 2.300016663032e+05 5.620057817171e+05 1.984005082087e+05 5.714181477415e+03 2.042846809457e+02 2.637752461122e+01 
7.793176458049e+05 -1.197599706514e+06 5.004669508486e+05 1.209733518832e+05 2.784699242190e+05 1.407378384071e+05 2.425215896172e+06 0.000000000000e+00 0.000000000000e+00 0.000000000000e+00 9.741053226888e-01 6.335307037101e+00 3.384967385103e+01 1.907406385688e+02 1.742883866796e+03 1.014580346572e+04 1.984005082087e+05 5.877807457813e+05 1.510310937112e+05 1.305584051705e+03 1.787464599758e+02 
7.683472138602e+05 -1.130788778337e+06 4.696908877752e+05 1.189670776799e+05 2.620991496972e+05 9.881052568190e+04 2.226839087392e+06 0.000000000000e+00 0.000000000000e+00 0.000000000000e+00 2.170870121367e-01 1.087640601279e+00 4.191997551384e+00 2.403874902595e+01 1.202103206461e+02 9.998186048104e+02 5.714181477415e+03 1.510310937112e+05 6.227651915801e+05 9.277774127018e+04 4.224973679993e+03 
2.965273101569e+05 -4.046162250455e+05 1.860863437687e+05 4.914752554503e+04 9.260624600752e+04 1.549296241231e+04 8.643704499233e+05 0.000000000000e+00 0.000000000000e+00 0.000000000000e+00 2.830222890464e-02 1.250233207065e-01 3.436546945349e-01 1.465667529686e+00 6.307536039486e+00 3.010208362284e+01 2.042846809457e+02 1.305584051705e+03 9.277774127018e+04 2.096183710647e+05 4.363030757429e+04 
1.615511598608e+05 -1.877860570088e+05 1.192380463153e+05 3.261184175740e+04 4.167920968688e+04 -1.173487592043e+04 5.409892738471e+05 0.000000000000e+00 0.000000000000e+00 0.000000000000e+00 1.022465270178e-02 4.421224703645e-02 1.147278385178e-01 4.383232883444e-01 1.706500496125e+00 6.585425118266e+00 2.637752461122e+01 1.787464599758e+02 4.224973679993e+03 4.363030757429e+04 1.705326590694e+05 
