1.331391734069e+07 -5.593159863501e+06 -3.354353782970e+04 1.651425106187e+04 -5.464690462034e+06 2.251136066760e+06 6.993280666902e+06 5.534162991300e+05 5.378858124800e+05 4.926087792700e+05 3.643887692100e+05 1.945681386800e+05 1.141673876800e+02 1.133873470600e+02 1.065259629800e+02 8.119530094700e+01 4.485469428100e+01 -9.982261735381e+03 -1.007893149986e+04 1.388780305354e+04 
-5.593159863501e+06 6.660384942374e+06 9.629328389490e+04 1.725687572978e+04 1.844982018118e+06 -1.771500019893e+06 -1.851254376919e+06 -2.142838650100e+05 -1.800700966700e+05 -1.341483184200e+05 -5.444595695600e+04 1.626626373200e+04 -8.991173341400e+01 -8.459183187300e+01 -7.474988400100e+01 -5.182975284600e+01 -2.491866546300e+01 4.335246723258e+03 4.922365508987e+03 -4.656852252326e+03 
-3.354353782970e+04 9.629328389490e+04 1.006398598348e+05 2.352251233319e+04 -1.032644913011e+06 -8.585785931858e+04 -2.211277767968e+05 9.800940469100e+04 9.284133901500e+04 8.292694087800e+04 6.168584835700e+04 3.569422488100e+04 1.328806740200e+01 1.283708567700e+01 1.167854502000e+01 8.663361540300e+00 4.795299604500e+00 4.086126450012e+02 4.526594835630e+02 -4.676616948409e+02 
1.651425106187e+04 1.725687572978e+04 2.352251233319e+04 5.890868429652e+03 -2.239013924709e+05 -1.678233413202e+04 -4.594411440182e+04 2.169012336400e+04 2.165434240300e+04 2.028662743200e+04 1.577912435300e+04 9.404456996000e+03 2.912313703000e+00 2.970479462600e+00 2.841021009100e+00 2.213629434800e+00 1.269127962100e+00 5.526421172012e+01 6.314820555240e+01 -5.940172122330e+01 
-5.464690462034e+06 1.844982018118e+06 -1.032644913011e+06 -2.239013924709e+05 2.000864052204e+07 -4.056582094211e+05 -2.003353737145e+05 -1.526954084300e+06 -1.424413856300e+06 -1.255013554400e+06 -9.077348171900e+05 -4.984741704700e+05 -2.935070320300e+02 -2.775906209000e+02 -2.475034323200e+02 -1.777845124900e+02 -9.385817550900e+01 -1.220094745546e+03 -1.356271205101e+03 1.382612858547e+03 
2.251136066760e+06 -1.771500019893e+06 -8.585785931858e+04 -1.678233413202e+04 -4.056582094211e+05 7.120511354371e+05 1.005424153339e+06 4.307896973200e+04 3.367194319100e+04 2.171182809300e+04 2.208279726200e+03 -1.275389402400e+04 2.604399956300e+01 2.437900245000e+01 2.138639273700e+01 1.456053049300e+01 6.747422005500e+00 -2.306999041901e+03 -2.493864188854e+03 2.781268820654e+03 
6.993280666902e+06 -1.851254376919e+06 -2.211277767968e+05 -4.594411440182e+04 -2.003353737145e+05 1.005424153339e+06 5.024013158395e+06 5.479087624400e+04 5.467484739800e+04 5.221305768900e+04 4.350820438200e+04 2.887937525400e+04 2.907015955700e+00 3.468324635000e+00 3.915959725500e+00 3.846431708000e+00 2.812589879000e+00 -6.014402822950e+03 -6.045490862596e+03 8.450888627826e+03 
5.534162991300e+05 -2.142838650100e+05 9.800940469100e+04 2.169012336400e+04 -1.526954084300e+06 4.307896973200e+04 5.479087624400e+04 5.519713755600e+05 0.000000000000e+00 0.000000000000e+00 0.000000000000e+00 0.000000000000e+00 9.063967289800e+01 0.000000000000e+00 0.000000000000e+00 0.000000000000e+00 0.000000000000e+00 0.000000000000e+00 0.000000000000e+00 0.000000000000e+00 
5.378858124800e+05 -1.800700966700e+05 9.284133901500e+04 2.165434240300e+04 -1.424413856300e+06 3.367194319100e+04 5.467484739800e+04 0.000000000000e+00 4.925933890300e+05 0.000000000000e+00 0.000000000000e+00 0.000000000000e+00 0.000000000000e+00 8.249240809600e+01 0.000000000000e+00 0.000000000000e+00 0.000000000000e+00 0.000000000000e+00 0.000000000000e+00 0.000000000000e+00 
4.926087792700e+05 -1.341483184200e+05 8.292694087800e+04 2.028662743200e+04 -1.255013554400e+06 2.171182809300e+04 5.221305768900e+04 0.000000000000e+00 0.000000000000e+00 4.138470266000e+05 0.000000000000e+00 0.000000000000e+00 0.000000000000e+00 0.000000000000e+00 7.063488033100e+01 0.000000000000e+00 0.000000000000e+00 0.000000000000e+00 0.000000000000e+00 0.000000000000e+00 
3.643887692100e+05 -5.444595695600e+04 6.168584835700e+04 1.577912435300e+04 -9.077348171900e+05 2.208279726200e+03 4.350820438200e+04 0.000000000000e+00 0.000000000000e+00 0.000000000000e+00 2.843766490500e+05 0.000000000000e+00 0.000000000000e+00 0.000000000000e+00 0.000000000000e+00 4.866582655700e+01 0.000000000000e+00 0.000000000000e+00 0.000000000000e+00 0.000000000000e+00 
1.945681386800e+05 1.626626373200e+04 3.569422488100e+04 9.404456996000e+03 -4.984741704700e+05 -1.275389402400e+04 2.887937525400e+04 0.000000000000e+00 0.000000000000e+00 0.000000000000e+00 0.000000000000e+00 1.503503114700e+05 0.000000000000e+00 0.000000000000e+00 0.000000000000e+00 0.000000000000e+00 2.496564189200e+01 0.000000000000e+00 0.000000000000e+00 0.000000000000e+00 
1.141673876800e+02 -8.991173341400e+01 1.328806740200e+01 2.912313703000e+00 -2.935070320300e+02 2.604399956300e+01 2.907015955700e+00 9.063967289800e+01 0.000000000000e+00 0.000000000000e+00 0.000000000000e+00 0.000000000000e+00 2.227556928400e-02 0.000000000000e+00 0.000000000000e+00 0.000000000000e+00 0.000000000000e+00 0.000000000000e+00 0.000000000000e+00 0.000000000000e+00 
1.133873470600e+02 -8.459183187300e+01 1.283708567700e+01 2.970479462600e+00 -2.775906209000e+02 2.437900245000e+01 3.468324635000e+00 0.000000000000e+00 8.249240809600e+01 0.000000000000e+00 0.000000000000e+00 0.000000000000e+00 0.000000000000e+00 2.074357048900e-02 0.000000000000e+00 0.000000000000e+00 0.000000000000e+00 0.000000000000e+00 0.000000000000e+00 0.000000000000e+00 
1.065259629800e+02 -7.474988400100e+01 1.167854502000e+01 2.841021009100e+00 -2.475034323200e+02 2.138639273700e+01 3.915959725500e+00 0.000000000000e+00 0.000000000000e+00 7.063488033100e+01 0.000000000000e+00 0.000000000000e+00 0.000000000000e+00 0.000000000000e+00 1.819644942900e-02 0.000000000000e+00 0.000000000000e+00 0.000000000000e+00 0.000000000000e+00 0.000000000000e+00 
8.119530094700e+01 -5.182975284600e+01 8.663361540300e+00 2.213629434800e+00 -1.777845124900e+02 1.456053049300e+01 3.846431708000e+00 0.000000000000e+00 0.000000000000e+00 0.000000000000e+00 4.866582655700e+01 0.000000000000e+00 0.000000000000e+00 0.000000000000e+00 0.000000000000e+00 1.280230356800e-02 0.000000000000e+00 0.000000000000e+00 0.000000000000e+00 0.000000000000e+00 
4.485469428100e+01 -2.491866546300e+01 4.795299604500e+00 1.269127962100e+00 -9.385817550900e+01 6.747422005500e+00 2.812589879000e+00 0.000000000000e+00 0.000000000000e+00 0.000000000000e+00 0.000000000000e+00 2.496564189200e+01 0.000000000000e+00 0.000000000000e+00 0.000000000000e+00 0.000000000000e+00 6.637172081400e-03 0.000000000000e+00 0.000000000000e+00 0.000000000000e+00 
-9.982261735381e+03 4.335246723258e+03 4.086126450012e+02 5.526421172012e+01 -1.220094745546e+03 -2.306999041901e+03 -6.014402822950e+03 0.000000000000e+00 0.000000000000e+00 0.000000000000e+00 0.000000000000e+00 0.000000000000e+00 0.000000000000e+00 0.000000000000e+00 0.000000000000e+00 0.000000000000e+00 0.000000000000e+00 1.240625161025e+02 1.757353142378e+02 -4.191989040239e+01 
-1.007893149986e+04 4.922365508987e+03 4.526594835630e+02 6.314820555240e+01 -1.356271205101e+03 -2.493864188854e+03 -6.045490862596e+03 0.000000000000e+00 0.000000000000e+00 0.000000000000e+00 0.000000000000e+00 0.000000000000e+00 0.000000000000e+00 0.000000000000e+00 0.000000000000e+00 0.000000000000e+00 0.000000000000e+00 1.757353142378e+02 2.606123576587e+02 -3.056130134979e+01 
1.388780305354e+04 -4.656852252326e+03 -4.676616948409e+02 -5.940172122330e+01 1.382612858547e+03 2.781268820654e+03 8.450888627826e+03 0.000000000000e+00 0.000000000000e+00 0.000000000000e+00 0.000000000000e+00 0.000000000000e+00 0.000000000000e+00 0.000000000000e+00 0.000000000000e+00 0.000000000000e+00 0.000000000000e+00 -4.191989040239e+01 -3.056130134979e+01 8.725371296779e+01 
