9.804814509989e+06 -2.985747088401e+06 -3.909733009097e+05 -7.725608482613e+04 8.716222583662e+05 1.618648451150e+06 6.882178372522e+06 -9.982261735381e+03 -1.007893149986e+04 1.388780305354e+04 
-2.985747088401e+06 1.148126575574e+06 1.092554649549e+05 2.142917793868e+04 -3.280837953822e+05 -6.098179758927e+05 -2.030596733089e+06 4.335246723258e+03 4.922365508987e+03 -4.656852252326e+03 
-3.909733009097e+05 1.092554649549e+05 1.683090032584e+04 3.392289814195e+03 -3.152133971067e+04 -5.667620685358e+04 -2.786896847378e+05 4.086126450012e+02 4.526594835630e+02 -4.676616948409e+02 
-7.725608482613e+04 2.142917793868e+04 3.392289814195e+03 7.313587219522e+02 -6.128181390880e+03 -1.067745662232e+04 -5.685138371982e+04 5.526421172012e+01 6.314820555240e+01 -5.940172122330e+01 
8.716222583662e+05 -3.280837953822e+05 -3.152133971067e+04 -6.128181390880e+03 9.579345303656e+04 1.831128195989e+05 5.910401484755e+05 -1.220094745546e+03 -1.356271205101e+03 1.382612858547e+03 
1.618648451150e+06 -6.098179758927e+05 -5.667620685358e+04 -1.067745662232e+04 1.831128195989e+05 3.655144421571e+05 1.079653958679e+06 -2.306999041901e+03 -2.493864188854e+03 2.781268820654e+03 
6.882178372522e+06 -2.030596733089e+06 -2.786896847378e+05 -5.685138371982e+04 5.910401484755e+05 1.079653958679e+06 4.927408798704e+06 -6.014402822950e+03 -6.045490862596e+03 8.450888627826e+03 
-9.982261735381e+03 4.335246723258e+03 4.086126450012e+02 5.526421172012e+01 -1.220094745546e+03 -2.306999041901e+03 -6.014402822950e+03 1.240625161025e+02 1.757353142378e+02 -4.191989040239e+01 
-1.007893149986e+04 4.922365508987e+03 4.526594835630e+02 6.314820555240e+01 -1.356271205101e+03 -2.493864188854e+03 -6.045490862596e+03 1.757353142378e+02 2.606123576587e+02 -3.056130134979e+01 
1.388780305354e+04 -4.656852252326e+03 -4.676616948409e+02 -5.940172122330e+01 1.382612858547e+03 2.781268820654e+03 8.450888627826e+03 -4.191989040239e+01 -3.056130134979e+01 8.725371296779e+01 
