2.403606729097e+07 -1.601306875459e+07 2.507498548031e+06 6.179715862752e+05 -2.876897327025e+06 5.056852373134e+06 2.443548554283e+07 5.534162991300e+05 5.378858124800e+05 4.926087792700e+05 3.643887692100e+05 1.945681386800e+05 1.141673876800e+02 1.133873470600e+02 1.065259629800e+02 8.119530094700e+01 4.485469428100e+01 2.013989519442e+04 3.548713370377e+04 1.153114824746e+04 -8.451609822588e+05 4.007249642074e+05 5.997318563147e+05 7.027062987872e+05 7.361926296724e+05 7.440734685522e+05 7.351350968371e+05 7.644826444547e+05 7.617335773250e+05 2.951177668843e+05 1.605740152984e+05 
-1.601306875459e+07 2.691007581055e+07 -6.475615947965e+06 -1.346509410660e+06 -3.127068611643e+06 -7.435426133433e+06 -3.681054086850e+07 -2.142838650100e+05 -1.800700966700e+05 -1.341483184200e+05 -5.444595695600e+04 1.626626373200e+04 -8.991173341400e+01 -8.459183187300e+01 -7.474988400100e+01 -5.182975284600e+01 -2.491866546300e+01 1.312317518320e+02 -5.272767691715e+02 -1.927919949517e+03 -2.540444321223e+06 -2.196560426751e+06 -1.654362568095e+06 -1.558397327902e+06 -1.414747033384e+06 -1.307468877003e+06 -1.212791664044e+06 -1.195328402938e+06 -1.129955068882e+06 -4.048313531077e+05 -1.880219640225e+05 
2.507498548031e+06 -6.475615947965e+06 3.105901827261e+06 6.456021153159e+05 6.087920285590e+05 1.648554407881e+06 1.449959570264e+07 9.800940469100e+04 9.284133901500e+04 8.292694087800e+04 6.168584835700e+04 3.569422488100e+04 1.328806740200e+01 1.283708567700e+01 1.167854502000e+01 8.663361540300e+00 4.795299604500e+00 1.131303827454e+03 1.563003464657e+03 -5.012275832986e+02 1.177147853724e+06 1.047640812805e+06 8.006998625947e+05 7.402829949402e+05 6.547905178094e+05 5.874225640135e+05 5.280408151103e+05 5.055934987038e+05 4.716047335777e+05 1.862971089602e+05 1.192988086676e+05 
6.179715862752e+05 -1.346509410660e+06 6.456021153159e+05 1.390217766338e+05 1.120204748601e+05 3.054643139216e+05 2.973019495937e+06 2.169012336400e+04 2.165434240300e+04 2.028662743200e+04 1.577912435300e+04 9.404456996000e+03 2.912313703000e+00 2.970479462600e+00 2.841021009100e+00 2.213629434800e+00 1.269127962100e+00 4.003727870546e+02 5.959435614625e+02 -6.380551036231e+01 1.627038207050e+05 1.782725892864e+05 1.511723551917e+05 1.495015366319e+05 1.396903262638e+05 1.312847324624e+05 1.229849694081e+05 1.226083884536e+05 1.196240490478e+05 4.921881500522e+04 3.262578887897e+04 
-2.876897327025e+06 -3.127068611643e+06 6.087920285590e+05 1.120204748601e+05 2.126859701588e+07 1.133324273285e+06 8.613102586089e+06 -1.526954084300e+06 -1.424413856300e+06 -1.255013554400e+06 -9.077348171900e+05 -4.984741704700e+05 -2.935070320300e+02 -2.775906209000e+02 -2.475034323200e+02 -1.777845124900e+02 -9.385817550900e+01 -1.537092144174e+02 -1.062762293715e+01 5.958507938470e+02 7.667047611146e+05 5.871745671021e+05 4.209428853225e+05 3.813176140700e+05 3.383334636280e+05 3.082250662899e+05 2.834951039994e+05 2.779446380651e+05 2.619175433362e+05 9.266202724999e+04 4.173597134139e+04 
5.056852373134e+06 -7.435426133433e+06 1.648554407881e+06 3.054643139216e+05 1.133324273285e+06 3.126616263432e+06 1.081773141965e+07 4.307896973200e+04 3.367194319100e+04 2.171182809300e+04 2.208279726200e+03 -1.275389402400e+04 2.604399956300e+01 2.437900245000e+01 2.138639273700e+01 1.456053049300e+01 6.747422005500e+00 -9.463514698739e+02 -1.026136508700e+03 1.134860047121e+03 1.534246421794e+06 9.217734406343e+05 5.415885192431e+05 4.079601297682e+05 3.015657435032e+05 2.295459880008e+05 1.759760072369e+05 1.404943505998e+05 9.881954821659e+04 1.557601822899e+04 -1.168411078333e+04 
2.443548554283e+07 -3.681054086850e+07 1.449959570264e+07 2.973019495937e+06 8.613102586089e+06 1.081773141965e+07 8.239515554859e+07 5.479087624400e+04 5.467484739800e+04 5.221305768900e+04 4.350820438200e+04 2.887937525400e+04 2.907015955700e+00 3.468324635000e+00 3.915959725500e+00 3.846431708000e+00 2.812589879000e+00 1.142078000136e+03 3.217048449550e+03 3.765910138946e+03 6.076112319671e+06 5.445259288576e+06 4.095558318487e+06 3.725084472730e+06 3.253348695750e+06 2.881373832695e+06 2.558643067742e+06 2.420534794424e+06 2.224763535704e+06 8.642387317237e+05 5.410839002074e+05 
5.534162991300e+05 -2.142838650100e+05 9.800940469100e+04 2.169012336400e+04 -1.526954084300e+06 4.307896973200e+04 5.479087624400e+04 5.519713755600e+05 0.000000000000e+00 0.000000000000e+00 0.000000000000e+00 0.000000000000e+00 9.063967289800e+01 0.000000000000e+00 0.000000000000e+00 0.000000000000e+00 0.000000000000e+00 0.000000000000e+00 0.000000000000e+00 0.000000000000e+00 0.000000000000e+00 0.000000000000e+00 0.000000000000e+00 0.000000000000e+00 0.000000000000e+00 0.000000000000e+00 0.000000000000e+00 0.000000000000e+00 0.000000000000e+00 0.000000000000e+00 0.000000000000e+00 
5.378858124800e+05 -1.800700966700e+05 9.284133901500e+04 2.165434240300e+04 -1.424413856300e+06 3.367194319100e+04 5.467484739800e+04 0.000000000000e+00 4.925933890300e+05 0.000000000000e+00 0.000000000000e+00 0.000000000000e+00 0.000000000000e+00 8.249240809600e+01 0.000000000000e+00 0.000000000000e+00 0.000000000000e+00 0.000000000000e+00 0.000000000000e+00 0.000000000000e+00 0.000000000000e+00 0.000000000000e+00 0.000000000000e+00 0.000000000000e+00 0.000000000000e+00 0.000000000000e+00 0.000000000000e+00 0.000000000000e+00 0.000000000000e+00 0.000000000000e+00 0.000000000000e+00 
4.926087792700e+05 -1.341483184200e+05 8.292694087800e+04 2.028662743200e+04 -1.255013554400e+06 2.171182809300e+04 5.221305768900e+04 0.000000000000e+00 0.000000000000e+00 4.138470266000e+05 0.000000000000e+00 0.000000000000e+00 0.000000000000e+00 0.000000000000e+00 7.063488033100e+01 0.000000000000e+00 0.000000000000e+00 0.000000000000e+00 0.000000000000e+00 0.000000000000e+00 0.000000000000e+00 0.000000000000e+00 0.000000000000e+00 0.000000000000e+00 0.000000000000e+00 0.000000000000e+00 0.000000000000e+00 0.000000000000e+00 0.000000000000e+00 0.000000000000e+00 0.000000000000e+00 
3.643887692100e+05 -5.444595695600e+04 6.168584835700e+04 1.577912435300e+04 -9.077348171900e+05 2.208279726200e+03 4.350820438200e+04 0.000000000000e+00 0.000000000000e+00 0.000000000000e+00 2.843766490500e+05 0.000000000000e+00 0.000000000000e+00 0.000000000000e+00 0.000000000000e+00 4.866582655700e+01 0.000000000000e+00 0.000000000000e+00 0.000000000000e+00 0.000000000000e+00 0.000000000000e+00 0.000000000000e+00 0.000000000000e+00 0.000000000000e+00 0.000000000000e+00 0.000000000000e+00 0.000000000000e+00 0.000000000000e+00 0.000000000000e+00 0.000000000000e+00 0.000000000000e+00 
1.945681386800e+05 1.626626373200e+04 3.569422488100e+04 9.404456996000e+03 -4.984741704700e+05 -1.275389402400e+04 2.887937525400e+04 0.000000000000e+00 0.000000000000e+00 0.000000000000e+00 0.000000000000e+00 1.503503114700e+05 0.000000000000e+00 0.000000000000e+00 0.000000000000e+00 0.000000000000e+00 2.496564189200e+01 0.000000000000e+00 0.000000000000e+00 0.000000000000e+00 0.000000000000e+00 0.000000000000e+00 0.000000000000e+00 0.000000000000e+00 0.000000000000e+00 0.000000000000e+00 0.000000000000e+00 0.000000000000e+00 0.000000000000e+00 0.000000000000e+00 0.000000000000e+00 
1.141673876800e+02 -8.991173341400e+01 1.328806740200e+01 2.912313703000e+00 -2.935070320300e+02 2.604399956300e+01 2.907015955700e+00 9.063967289800e+01 0.000000000000e+00 0.000000000000e+00 0.000000000000e+00 0.000000000000e+00 2.227556928400e-02 0.000000000000e+00 0.000000000000e+00 0.000000000000e+00 0.000000000000e+00 0.000000000000e+00 0.000000000000e+00 0.000000000000e+00 0.000000000000e+00 0.000000000000e+00 0.000000000000e+00 0.000000000000e+00 0.000000000000e+00 0.000000000000e+00 0.000000000000e+00 0.000000000000e+00 0.000000000000e+00 0.000000000000e+00 0.000000000000e+00 
1.133873470600e+02 -8.459183187300e+01 1.283708567700e+01 2.970479462600e+00 -2.775906209000e+02 2.437900245000e+01 3.468324635000e+00 0.000000000000e+00 8.249240809600e+01 0.000000000000e+00 0.000000000000e+00 0.000000000000e+00 0.000000000000e+00 2.074357048900e-02 0.000000000000e+00 0.000000000000e+00 0.000000000000e+00 0.000000000000e+00 0.000000000000e+00 0.000000000000e+00 0.000000000000e+00 0.000000000000e+00 0.000000000000e+00 0.000000000000e+00 0.000000000000e+00 0.000000000000e+00 0.000000000000e+00 0.000000000000e+00 0.000000000000e+00 0.000000000000e+00 0.000000000000e+00 
1.065259629800e+02 -7.474988400100e+01 1.167854502000e+01 2.841021009100e+00 -2.475034323200e+02 2.138639273700e+01 3.915959725500e+00 0.000000000000e+00 0.000000000000e+00 7.063488033100e+01 0.000000000000e+00 0.000000000000e+00 0.000000000000e+00 0.000000000000e+00 1.819644942900e-02 0.000000000000e+00 0.000000000000e+00 0.000000000000e+00 0.000000000000e+00 0.000000000000e+00 0.000000000000e+00 0.000000000000e+00 0.000000000000e+00 0.000000000000e+00 0.000000000000e+00 0.000000000000e+00 0.000000000000e+00 0.000000000000e+00 0.000000000000e+00 0.000000000000e+00 0.000000000000e+00 
8.119530094700e+01 -5.182975284600e+01 8.663361540300e+00 2.213629434800e+00 -1.777845124900e+02 1.456053049300e+01 3.846431708000e+00 0.000000000000e+00 0.000000000000e+00 0.000000000000e+00 4.866582655700e+01 0.000000000000e+00 0.000000000000e+00 0.000000000000e+00 0.000000000000e+00 1.280230356800e-02 0.000000000000e+00 0.000000000000e+00 0.000000000000e+00 0.000000000000e+00 0.000000000000e+00 0.000000000000e+00 0.000000000000e+00 0.000000000000e+00 0.000000000000e+00 0.000000000000e+00 0.000000000000e+00 0.000000000000e+00 0.000000000000e+00 0.000000000000e+00 0.000000000000e+00 
4.485469428100e+01 -2.491866546300e+01 4.795299604500e+00 1.269127962100e+00 -9.385817550900e+01 6.747422005500e+00 2.812589879000e+00 0.000000000000e+00 0.000000000000e+00 0.000000000000e+00 0.000000000000e+00 2.496564189200e+01 0.000000000000e+00 0.000000000000e+00 0.000000000000e+00 0.000000000000e+00 6.637172081400e-03 0.000000000000e+00 0.000000000000e+00 0.000000000000e+00 0.000000000000e+00 0.000000000000e+00 0.000000000000e+00 0.000000000000e+00 0.000000000000e+00 0.000000000000e+00 0.000000000000e+00 0.000000000000e+00 0.000000000000e+00 0.000000000000e+00 0.000000000000e+00 
2.013989519442e+04 1.312317518320e+02 1.131303827454e+03 4.003727870546e+02 -1.537092144174e+02 -9.463514698739e+02 1.142078000136e+03 0.000000000000e+00 0.000000000000e+00 0.000000000000e+00 0.000000000000e+00 0.000000000000e+00 0.000000000000e+00 0.000000000000e+00 0.000000000000e+00 0.000000000000e+00 0.000000000000e+00 3.941153132681e+03 6.400918834907e+03 8.308321683804e+02 9.030905958705e+01 -3.189920886362e+01 1.998022633189e+01 -4.196097601068e+00 -1.495033305467e+01 3.497593295599e+01 4.141191966675e+01 4.146002706807e+01 -2.108763407363e+02 -1.767222188046e+02 -1.697229835217e+02 
3.548713370377e+04 -5.272767691715e+02 1.563003464657e+03 5.959435614625e+02 -1.062762293715e+01 -1.026136508700e+03 3.217048449550e+03 0.000000000000e+00 0.000000000000e+00 0.000000000000e+00 0.000000000000e+00 0.000000000000e+00 0.000000000000e+00 0.000000000000e+00 0.000000000000e+00 0.000000000000e+00 0.000000000000e+00 6.400918834907e+03 1.063450157984e+04 1.950222861338e+03 5.702417232219e+01 -3.110333810439e+01 1.977950793860e+01 -1.838148589432e+00 -1.372356223944e+01 4.192578732581e+01 4.976138672584e+01 5.648096064557e+01 -3.310006612957e+02 -2.959022633391e+02 -3.122995657563e+02 
1.153114824746e+04 -1.927919949517e+03 -5.012275832986e+02 -6.380551036231e+01 5.958507938470e+02 1.134860047121e+03 3.765910138946e+03 0.000000000000e+00 0.000000000000e+00 0.000000000000e+00 0.000000000000e+00 0.000000000000e+00 0.000000000000e+00 0.000000000000e+00 0.000000000000e+00 0.000000000000e+00 0.000000000000e+00 8.308321683804e+02 1.950222861338e+03 1.727975022960e+03 -2.384992142915e+02 3.193526401425e+01 1.418265342767e+00 3.623299785617e+00 1.101814284157e+01 -3.935400156023e+01 -5.139399940406e+01 -1.812530504750e+01 -1.724847227714e+01 -7.271697999215e+01 -1.256894331128e+02 
-8.451609822588e+05 -2.540444321223e+06 1.177147853724e+06 1.627038207050e+05 7.667047611146e+05 1.534246421794e+06 6.076112319671e+06 0.000000000000e+00 0.000000000000e+00 0.000000000000e+00 0.000000000000e+00 0.000000000000e+00 0.000000000000e+00 0.000000000000e+00 0.000000000000e+00 0.000000000000e+00 0.000000000000e+00 9.030905958705e+01 5.702417232219e+01 -2.384992142915e+02 3.645208480570e+06 3.739733275475e+05 6.355904658823e+03 2.823566541350e+03 4.934836356331e+02 1.497221982668e+02 7.433571746797e+01 3.250276483838e+01 4.426317063051e+00 8.628699729201e-01 2.478271070293e+00 
4.007249642074e+05 -2.196560426751e+06 1.047640812805e+06 1.782725892864e+05 5.871745671021e+05 9.217734406343e+05 5.445259288576e+06 0.000000000000e+00 0.000000000000e+00 0.000000000000e+00 0.000000000000e+00 0.000000000000e+00 0.000000000000e+00 0.000000000000e+00 0.000000000000e+00 0.000000000000e+00 0.000000000000e+00 -3.189920886362e+01 -3.110333810439e+01 3.193526401425e+01 3.739733275475e+05 2.049383521688e+06 3.614823549216e+05 9.800135051592e+03 2.492622449104e+03 3.935258577797e+02 3.674564165290e+01 1.320380023486e+01 2.681207083991e+00 3.543970542379e-01 8.159410565831e-01 
5.997318563147e+05 -1.654362568095e+06 8.006998625947e+05 1.511723551917e+05 4.209428853225e+05 5.415885192431e+05 4.095558318487e+06 0.000000000000e+00 0.000000000000e+00 0.000000000000e+00 0.000000000000e+00 0.000000000000e+00 0.000000000000e+00 0.000000000000e+00 0.000000000000e+00 0.000000000000e+00 0.000000000000e+00 1.998022633189e+01 1.977950793860e+01 1.418265342767e+00 6.355904658823e+03 3.614823549216e+05 1.177755968791e+06 3.455268480882e+05 9.067784386322e+03 2.019824687981e+03 3.327669110301e+02 3.156539649820e+01 5.147546819287e+00 1.304205958713e-02 6.447879498283e-01 
7.027062987872e+05 -1.558397327902e+06 7.402829949402e+05 1.495015366319e+05 3.813176140700e+05 4.079601297682e+05 3.725084472730e+06 0.000000000000e+00 0.000000000000e+00 0.000000000000e+00 0.000000000000e+00 0.000000000000e+00 0.000000000000e+00 0.000000000000e+00 0.000000000000e+00 0.000000000000e+00 0.000000000000e+00 -4.196097601068e+00 -1.838148589432e+00 3.623299785617e+00 2.823566541350e+03 9.800135051592e+03 3.455268480882e+05 9.590991961724e+05 3.064960950002e+05 1.075593808043e+04 2.010569586357e+03 2.458489625376e+02 2.213837000624e+01 2.501406353309e+00 6.760165857298e-01 
7.361926296724e+05 -1.414747033384e+06 6.547905178094e+05 1.396903262638e+05 3.383334636280e+05 3.015657435032e+05 3.253348695750e+06 0.000000000000e+00 0.000000000000e+00 0.000000000000e+00 0.000000000000e+00 0.000000000000e+00 0.000000000000e+00 0.000000000000e+00 0.000000000000e+00 0.000000000000e+00 0.000000000000e+00 -1.495033305467e+01 -1.372356223944e+01 1.101814284157e+01 4.934836356331e+02 2.492622449104e+03 9.067784386322e+03 3.064960950002e+05 7.708193462478e+05 2.696600190598e+05 1.080487626523e+04 1.693725573368e+03 1.327066473420e+02 4.410043903538e+00 2.248853771426e+00 
7.440734685522e+05 -1.307468877003e+06 5.874225640135e+05 1.312847324624e+05 3.082250662899e+05 2.295459880008e+05 2.881373832695e+06 0.000000000000e+00 0.000000000000e+00 0.000000000000e+00 0.000000000000e+00 0.000000000000e+00 0.000000000000e+00 0.000000000000e+00 0.000000000000e+00 0.000000000000e+00 0.000000000000e+00 3.497593295599e+01 4.192578732581e+01 -3.935400156023e+01 1.497221982668e+02 3.935258577797e+02 2.019824687981e+03 1.075593808043e+04 2.696600190598e+05 6.518056477072e+05 2.354781151963e+05 9.747458487004e+03 9.997369430660e+02 3.267977820955e+01 7.048292978842e+00 
7.351350968371e+05 -1.212791664044e+06 5.280408151103e+05 1.229849694081e+05 2.834951039994e+05 1.759760072369e+05 2.558643067742e+06 0.000000000000e+00 0.000000000000e+00 0.000000000000e+00 0.000000000000e+00 0.000000000000e+00 0.000000000000e+00 0.000000000000e+00 0.000000000000e+00 0.000000000000e+00 0.000000000000e+00 4.141191966675e+01 4.976138672584e+01 -5.139399940406e+01 7.433571746797e+01 3.674564165290e+01 3.327669110301e+02 2.010569586357e+03 1.080487626523e+04 2.354781151963e+05 5.720591604429e+05 2.011287939178e+05 5.579009429107e+03 2.043866268827e+02 2.621825380576e+01 
7.644826444547e+05 -1.195328402938e+06 5.055934987038e+05 1.226083884536e+05 2.779446380651e+05 1.404943505998e+05 2.420534794424e+06 0.000000000000e+00 0.000000000000e+00 0.000000000000e+00 0.000000000000e+00 0.000000000000e+00 0.000000000000e+00 0.000000000000e+00 0.000000000000e+00 0.000000000000e+00 0.000000000000e+00 4.146002706807e+01 5.648096064557e+01 -1.812530504750e+01 3.250276483838e+01 1.320380023486e+01 3.156539649820e+01 2.458489625376e+02 1.693725573368e+03 9.747458487004e+03 2.011287939178e+05 5.938147665941e+05 1.519932782109e+05 1.289729792888e+03 1.791676417385e+02 
7.617335773250e+05 -1.129955068882e+06 4.716047335777e+05 1.196240490478e+05 2.619175433362e+05 9.881954821659e+04 2.224763535704e+06 0.000000000000e+00 0.000000000000e+00 0.000000000000e+00 0.000000000000e+00 0.000000000000e+00 0.000000000000e+00 0.000000000000e+00 0.000000000000e+00 0.000000000000e+00 0.000000000000e+00 -2.108763407363e+02 -3.310006612957e+02 -1.724847227714e+01 4.426317063051e+00 2.681207083991e+00 5.147546819287e+00 2.213837000624e+01 1.327066473420e+02 9.997369430660e+02 5.579009429107e+03 1.519932782109e+05 6.255941085256e+05 9.297304582128e+04 4.227588760876e+03 
2.951177668843e+05 -4.048313531077e+05 1.862971089602e+05 4.921881500522e+04 9.266202724999e+04 1.557601822899e+04 8.642387317237e+05 0.000000000000e+00 0.000000000000e+00 0.000000000000e+00 0.000000000000e+00 0.000000000000e+00 0.000000000000e+00 0.000000000000e+00 0.000000000000e+00 0.000000000000e+00 0.000000000000e+00 -1.767222188046e+02 -2.959022633391e+02 -7.271697999215e+01 8.628699729201e-01 3.543970542379e-01 1.304205958713e-02 2.501406353309e+00 4.410043903538e+00 3.267977820955e+01 2.043866268827e+02 1.289729792888e+03 9.297304582128e+04 2.099385156584e+05 4.365377279903e+04 
1.605740152984e+05 -1.880219640225e+05 1.192988086676e+05 3.262578887897e+04 4.173597134139e+04 -1.168411078333e+04 5.410839002074e+05 0.000000000000e+00 0.000000000000e+00 0.000000000000e+00 0.000000000000e+00 0.000000000000e+00 0.000000000000e+00 0.000000000000e+00 0.000000000000e+00 0.000000000000e+00 0.000000000000e+00 -1.697229835217e+02 -3.122995657563e+02 -1.256894331128e+02 2.478271070293e+00 8.159410565831e-01 6.447879498283e-01 6.760165857298e-01 2.248853771426e+00 7.048292978842e+00 2.621825380576e+01 1.791676417385e+02 4.227588760876e+03 4.365377279903e+04 1.706814624835e+05 
