3.5091028307e+06 -2.6074127751e+06 3.5742976308e+05 9.3770335888e+04 -6.3363127204e+06 6.3248761561e+05 1.1110229438e+05 5.5341629913e+05 5.3788581248e+05 4.9260877927e+05 3.6438876921e+05 1.9456813868e+05 1.1416738768e+02 1.1338734706e+02 1.0652596298e+02 8.1195300947e+01 4.4854694281e+01 
-2.6074127751e+06 5.5122583668e+06 -1.2962181060e+04 -4.1723022089e+03 2.1730658135e+06 -1.1616820440e+06 1.7934235617e+05 -2.1428386501e+05 -1.8007009667e+05 -1.3414831842e+05 -5.4445956956e+04 1.6266263732e+04 -8.9911733414e+01 -8.4591831873e+01 -7.4749884001e+01 -5.1829752846e+01 -2.4918665463e+01 
3.5742976308e+05 -1.2962181060e+04 8.3808959509e+04 2.0130222519e+04 -1.0011235733e+06 -2.9181652465e+04 5.7561907941e+04 9.8009404691e+04 9.2841339015e+04 8.2926940878e+04 6.1685848357e+04 3.5694224881e+04 1.3288067402e+01 1.2837085677e+01 1.1678545020e+01 8.6633615403e+00 4.7952996045e+00 
9.3770335888e+04 -4.1723022089e+03 2.0130222519e+04 5.1595097077e+03 -2.1777321108e+05 -6.1048775097e+03 1.0907269318e+04 2.1690123364e+04 2.1654342403e+04 2.0286627432e+04 1.5779124353e+04 9.4044569960e+03 2.9123137030e+00 2.9704794626e+00 2.8410210091e+00 2.2136294348e+00 1.2691279621e+00 
-6.3363127204e+06 2.1730658135e+06 -1.0011235733e+06 -2.1777321108e+05 1.9912847069e+07 -5.8877102902e+05 -7.9137552219e+05 -1.5269540843e+06 -1.4244138563e+06 -1.2550135544e+06 -9.0773481719e+05 -4.9847417047e+05 -2.9350703203e+02 -2.7759062090e+02 -2.4750343232e+02 -1.7778451249e+02 -9.3858175509e+01 
6.3248761561e+05 -1.1616820440e+06 -2.9181652465e+04 -6.1048775097e+03 -5.8877102902e+05 3.4653669328e+05 -7.4229805340e+04 4.3078969732e+04 3.3671943191e+04 2.1711828093e+04 2.2082797262e+03 -1.2753894024e+04 2.6043999563e+01 2.4379002450e+01 2.1386392737e+01 1.4560530493e+01 6.7474220055e+00 
1.1110229438e+05 1.7934235617e+05 5.7561907941e+04 1.0907269318e+04 -7.9137552219e+05 -7.4229805340e+04 9.6604359691e+04 5.4790876244e+04 5.4674847398e+04 5.2213057689e+04 4.3508204382e+04 2.8879375254e+04 2.9070159557e+00 3.4683246350e+00 3.9159597255e+00 3.8464317080e+00 2.8125898790e+00 
5.5341629913e+05 -2.1428386501e+05 9.8009404691e+04 2.1690123364e+04 -1.5269540843e+06 4.3078969732e+04 5.4790876244e+04 5.5197137556e+05 0.0000000000e+00 0.0000000000e+00 0.0000000000e+00 0.0000000000e+00 9.0639672898e+01 0.0000000000e+00 0.0000000000e+00 0.0000000000e+00 0.0000000000e+00 
5.3788581248e+05 -1.8007009667e+05 9.2841339015e+04 2.1654342403e+04 -1.4244138563e+06 3.3671943191e+04 5.4674847398e+04 0.0000000000e+00 4.9259338903e+05 0.0000000000e+00 0.0000000000e+00 0.0000000000e+00 0.0000000000e+00 8.2492408096e+01 0.0000000000e+00 0.0000000000e+00 0.0000000000e+00 
4.9260877927e+05 -1.3414831842e+05 8.2926940878e+04 2.0286627432e+04 -1.2550135544e+06 2.1711828093e+04 5.2213057689e+04 0.0000000000e+00 0.0000000000e+00 4.1384702660e+05 0.0000000000e+00 0.0000000000e+00 0.0000000000e+00 0.0000000000e+00 7.0634880331e+01 0.0000000000e+00 0.0000000000e+00 
3.6438876921e+05 -5.4445956956e+04 6.1685848357e+04 1.5779124353e+04 -9.0773481719e+05 2.2082797262e+03 4.3508204382e+04 0.0000000000e+00 0.0000000000e+00 0.0000000000e+00 2.8437664905e+05 0.0000000000e+00 0.0000000000e+00 0.0000000000e+00 0.0000000000e+00 4.8665826557e+01 0.0000000000e+00 
1.9456813868e+05 1.6266263732e+04 3.5694224881e+04 9.4044569960e+03 -4.9847417047e+05 -1.2753894024e+04 2.8879375254e+04 0.0000000000e+00 0.0000000000e+00 0.0000000000e+00 0.0000000000e+00 1.5035031147e+05 0.0000000000e+00 0.0000000000e+00 0.0000000000e+00 0.0000000000e+00 2.4965641892e+01 
1.1416738768e+02 -8.9911733414e+01 1.3288067402e+01 2.9123137030e+00 -2.9350703203e+02 2.6043999563e+01 2.9070159557e+00 9.0639672898e+01 0.0000000000e+00 0.0000000000e+00 0.0000000000e+00 0.0000000000e+00 2.2275569284e-02 0.0000000000e+00 0.0000000000e+00 0.0000000000e+00 0.0000000000e+00 
1.1338734706e+02 -8.4591831873e+01 1.2837085677e+01 2.9704794626e+00 -2.7759062090e+02 2.4379002450e+01 3.4683246350e+00 0.0000000000e+00 8.2492408096e+01 0.0000000000e+00 0.0000000000e+00 0.0000000000e+00 0.0000000000e+00 2.0743570489e-02 0.0000000000e+00 0.0000000000e+00 0.0000000000e+00 
1.0652596298e+02 -7.4749884001e+01 1.1678545020e+01 2.8410210091e+00 -2.4750343232e+02 2.1386392737e+01 3.9159597255e+00 0.0000000000e+00 0.0000000000e+00 7.0634880331e+01 0.0000000000e+00 0.0000000000e+00 0.0000000000e+00 0.0000000000e+00 1.8196449429e-02 0.0000000000e+00 0.0000000000e+00 
8.1195300947e+01 -5.1829752846e+01 8.6633615403e+00 2.2136294348e+00 -1.7778451249e+02 1.4560530493e+01 3.8464317080e+00 0.0000000000e+00 0.0000000000e+00 0.0000000000e+00 4.8665826557e+01 0.0000000000e+00 0.0000000000e+00 0.0000000000e+00 0.0000000000e+00 1.2802303568e-02 0.0000000000e+00 
4.4854694281e+01 -2.4918665463e+01 4.7952996045e+00 1.2691279621e+00 -9.3858175509e+01 6.7474220055e+00 2.8125898790e+00 0.0000000000e+00 0.0000000000e+00 0.0000000000e+00 0.0000000000e+00 2.4965641892e+01 0.0000000000e+00 0.0000000000e+00 0.0000000000e+00 0.0000000000e+00 6.6371720814e-03 
