2.756615352799999993e+06 -2.070160264900000067e+06 2.730790748599999934e+05 7.227402766500000143e+04 -4.915095547600000165e+06 4.881413281299999799e+05 1.201843509000000049e+05 1.416827420200000051e+04 3.537134739900000277e+05 3.879622259399999748e+05 4.168252048400000203e+05 4.258310933100000257e+05 1.830814335699999938e+05 7.410106343200000367e+01 8.507243632499999819e+01 9.607248647999999491e+01 1.043449056700000028e+02 4.794668098799999711e+01
-2.070160264900000067e+06 4.766156623100000434e+06 2.625718659499999922e+04 5.742367629299999862e+03 1.299617470800000010e+06 -9.977304430400000419e+05 1.705878286300000036e+05 2.031506253400000060e+04 -1.310889470699999947e+05 -1.188906141300000018e+05 -9.060774417999999423e+04 -2.256587921500000084e+04 4.609960805300000357e+04 -5.789638800800000240e+01 -6.261779917700000198e+01 -6.580644616700000427e+01 -6.409145348399999875e+01 -2.505894718800000120e+01
2.730790748599999934e+05 2.625718659499999922e+04 6.831658129899999767e+04 1.645721605600000112e+04 -8.068887371900000144e+05 -3.483671616000000358e+04 5.700310079899999982e+04 6.686950233399999888e+03 6.317185682899999665e+04 6.785974109300000418e+04 7.246497254600000451e+04 7.663400840299999982e+04 3.713307126799999969e+04 8.633174622000000298e+00 9.630755388500000791e+00 1.059366052100000033e+01 1.132285362600000056e+01 5.296747710600000048e+00
7.227402766500000143e+04 5.742367629299999862e+03 1.645721605600000112e+04 4.239916485699999612e+03 -1.761478004599999986e+05 -7.782068478000000141e+03 1.095065773300000001e+04 1.327879827199999909e+03 1.400608495899999980e+04 1.582687192200000027e+04 1.766893268700000044e+04 1.945361555800000133e+04 9.669359228100000109e+03 1.894518315400000041e+00 2.230156373599999853e+00 2.574889270099999905e+00 2.881100933299999944e+00 1.390088473000000047e+00
-4.915095547600000165e+06 1.299617470800000010e+06 -8.068887371900000144e+05 -1.761478004599999986e+05 1.579135614299999923e+07 -3.396328041899999953e+05 -8.069632584700000007e+05 -9.192163691699999617e+04 -9.829975632400000468e+05 -1.040289322099999990e+06 -1.089803833399999887e+06 -1.111736123499999987e+06 -5.066024796600000118e+05 -1.905397201000000109e+02 -2.083543454999999938e+02 -2.239479523599999879e+02 -2.308995335099999977e+02 -1.025202151799999939e+02
4.881413281299999799e+05 -9.977304430400000419e+05 -3.483671616000000358e+04 -7.782068478000000141e+03 -3.396328041899999953e+05 2.946746031599999988e+05 -6.984851859500000137e+04 -8.098502882900000259e+03 2.540499067600000126e+04 2.040880031500000041e+04 1.050027487300000030e+04 -1.095129170200000044e+04 -2.157748732100000052e+04 1.670281753300000105e+01 1.793290051099999971e+01 1.861554242900000133e+01 1.768037646499999838e+01 6.604288203800000367e+00
1.201843509000000049e+05 1.705878286300000036e+05 5.700310079899999982e+04 1.095065773300000001e+04 -8.069632584700000007e+05 -6.984851859500000137e+04 1.042514747400000051e+05 1.209369358900000043e+04 3.779155501399999775e+04 4.570166170599999896e+04 5.577469865199999913e+04 6.937634400700000697e+04 3.900370990200000233e+04 2.278627229400000065e+00 3.549089501000000091e+00 5.265067546100000051e+00 7.633296196899999941e+00 4.580491117500000264e+00
1.416827420200000051e+04 2.031506253400000060e+04 6.686950233399999888e+03 1.327879827199999909e+03 -9.192163691699999617e+04 -8.098502882900000259e+03 1.209369358900000043e+04 1.682680904999999939e+03 1.003333910199999991e+03 3.129865894399999888e+03 6.045909129399999983e+03 1.040454287300000033e+04 7.167955272100000002e+03 6.049563102700000056e-02 2.430584309399999865e-01 5.707268835700000098e-01 1.144784417199999904e+00 8.417854490499999676e-01
3.537134739900000277e+05 -1.310889470699999947e+05 6.317185682899999665e+04 1.400608495899999980e+04 -9.829975632400000468e+05 2.540499067600000126e+04 3.779155501399999775e+04 1.003333910199999991e+03 3.628536238100000191e+05 0.000000000000000000e+00 0.000000000000000000e+00 0.000000000000000000e+00 0.000000000000000000e+00 6.012260717099999852e+01 0.000000000000000000e+00 0.000000000000000000e+00 0.000000000000000000e+00 0.000000000000000000e+00
3.879622259399999748e+05 -1.188906141300000018e+05 6.785974109300000418e+04 1.582687192200000027e+04 -1.040289322099999990e+06 2.040880031500000041e+04 4.570166170599999896e+04 3.129865894399999888e+03 0.000000000000000000e+00 3.774687486200000276e+05 0.000000000000000000e+00 0.000000000000000000e+00 0.000000000000000000e+00 0.000000000000000000e+00 6.502948726099999988e+01 0.000000000000000000e+00 0.000000000000000000e+00 0.000000000000000000e+00
4.168252048400000203e+05 -9.060774417999999423e+04 7.246497254600000451e+04 1.766893268700000044e+04 -1.089803833399999887e+06 1.050027487300000030e+04 5.577469865199999913e+04 6.045909129399999983e+03 0.000000000000000000e+00 0.000000000000000000e+00 3.890652851699999883e+05 0.000000000000000000e+00 0.000000000000000000e+00 0.000000000000000000e+00 0.000000000000000000e+00 6.928316087800000389e+01 0.000000000000000000e+00 0.000000000000000000e+00
4.258310933100000257e+05 -2.256587921500000084e+04 7.663400840299999982e+04 1.945361555800000133e+04 -1.111736123499999987e+06 -1.095129170200000044e+04 6.937634400700000697e+04 1.040454287300000033e+04 0.000000000000000000e+00 0.000000000000000000e+00 0.000000000000000000e+00 3.903824645499999751e+05 0.000000000000000000e+00 0.000000000000000000e+00 0.000000000000000000e+00 0.000000000000000000e+00 7.092486171400000217e+01 0.000000000000000000e+00
1.830814335699999938e+05 4.609960805300000357e+04 3.713307126799999969e+04 9.669359228100000109e+03 -5.066024796600000118e+05 -2.157748732100000052e+04 3.900370990200000233e+04 7.167955272100000002e+03 0.000000000000000000e+00 0.000000000000000000e+00 0.000000000000000000e+00 0.000000000000000000e+00 1.756546874700000044e+05 0.000000000000000000e+00 0.000000000000000000e+00 0.000000000000000000e+00 0.000000000000000000e+00 3.137005556000000084e+01
7.410106343200000367e+01 -5.789638800800000240e+01 8.633174622000000298e+00 1.894518315400000041e+00 -1.905397201000000109e+02 1.670281753300000105e+01 2.278627229400000065e+00 6.049563102700000056e-02 6.012260717099999852e+01 0.000000000000000000e+00 0.000000000000000000e+00 0.000000000000000000e+00 0.000000000000000000e+00 1.495970441299999953e-02 0.000000000000000000e+00 0.000000000000000000e+00 0.000000000000000000e+00 0.000000000000000000e+00
8.507243632499999819e+01 -6.261779917700000198e+01 9.630755388500000791e+00 2.230156373599999853e+00 -2.083543454999999938e+02 1.793290051099999971e+01 3.549089501000000091e+00 2.430584309399999865e-01 0.000000000000000000e+00 6.502948726099999988e+01 0.000000000000000000e+00 0.000000000000000000e+00 0.000000000000000000e+00 0.000000000000000000e+00 1.691725804300000038e-02 0.000000000000000000e+00 0.000000000000000000e+00 0.000000000000000000e+00
9.607248647999999491e+01 -6.580644616700000427e+01 1.059366052100000033e+01 2.574889270099999905e+00 -2.239479523599999879e+02 1.861554242900000133e+01 5.265067546100000051e+00 5.707268835700000098e-01 0.000000000000000000e+00 0.000000000000000000e+00 6.928316087800000389e+01 0.000000000000000000e+00 0.000000000000000000e+00 0.000000000000000000e+00 0.000000000000000000e+00 1.884586078000000109e-02 0.000000000000000000e+00 0.000000000000000000e+00
1.043449056700000028e+02 -6.409145348399999875e+01 1.132285362600000056e+01 2.881100933299999944e+00 -2.308995335099999977e+02 1.768037646499999838e+01 7.633296196899999941e+00 1.144784417199999904e+00 0.000000000000000000e+00 0.000000000000000000e+00 0.000000000000000000e+00 7.092486171400000217e+01 0.000000000000000000e+00 0.000000000000000000e+00 0.000000000000000000e+00 0.000000000000000000e+00 2.021819603400000151e-02 0.000000000000000000e+00
4.794668098799999711e+01 -2.505894718800000120e+01 5.296747710600000048e+00 1.390088473000000047e+00 -1.025202151799999939e+02 6.604288203800000367e+00 4.580491117500000264e+00 8.417854490499999676e-01 0.000000000000000000e+00 0.000000000000000000e+00 0.000000000000000000e+00 0.000000000000000000e+00 3.137005556000000084e+01 0.000000000000000000e+00 0.000000000000000000e+00 0.000000000000000000e+00 0.000000000000000000e+00 9.237929842399999342e-03
