2.052718032987e+07 -1.340626280989e+07 2.150105346789e+06 5.242024552434e+05 3.459145306714e+06 4.424368435875e+06 2.432458951686e+07 3.282174675434e+06 2.013998389087e+04 3.548738291052e+04 1.153135949055e+04 -8.451617143846e+05 4.007185142245e+05 5.997419626849e+05 7.027165359410e+05 7.361639842709e+05 7.440495830532e+05 7.351516394836e+05 7.645044114327e+05 7.617693306277e+05 2.951262673357e+05 1.605978291336e+05 
-1.340626280989e+07 2.139889631739e+07 -6.462814209591e+06 -1.342356090583e+06 -5.299876033309e+06 -6.273893167050e+06 -3.699092028214e+07 -5.055902778974e+06 1.313110949424e+02 -5.272126249272e+02 -1.928068778926e+03 -2.540614674366e+06 -2.196574624851e+06 -1.654407634034e+06 -1.558405876671e+06 -1.414631608877e+06 -1.307437140332e+06 -1.212934148338e+06 -1.195370622852e+06 -1.130064689968e+06 -4.048383820225e+05 -1.880298801053e+05 
2.150105346789e+06 -6.462814209591e+06 3.022087701479e+06 6.254647062149e+05 1.609780417141e+06 1.677724915544e+06 1.444201440548e+07 2.083901850279e+06 1.131310479753e+03 1.563014058935e+03 -5.012268262106e+02 1.177148637719e+06 1.047634877121e+06 8.007037413655e+05 7.402825664754e+05 6.547820448674e+05 5.874240979526e+05 5.280382550227e+05 5.055926079659e+05 4.716075224363e+05 1.862937060622e+05 1.193033246842e+05 
5.242024552434e+05 -1.342356090583e+06 6.254647062149e+05 1.338599980209e+05 3.297613279043e+05 3.115598467237e+05 2.962068776516e+06 4.460348708335e+05 4.003722833755e+02 5.959430988097e+02 -6.380516562563e+01 1.626906024796e+05 1.782682480178e+05 1.511711503627e+05 1.494987593469e+05 1.396910937644e+05 1.312841895247e+05 1.229871203663e+05 1.226070776535e+05 1.196244675748e+05 4.921573758991e+04 3.262638881170e+04 
3.459145306714e+06 -5.299876033309e+06 1.609780417141e+06 3.297613279043e+05 1.355536714131e+06 1.721945922654e+06 9.403677813867e+06 1.251708757796e+06 -1.536667657378e+02 -1.059112911302e+01 5.957736697571e+02 7.666106771436e+05 5.871530213316e+05 4.209245317033e+05 3.812873495778e+05 3.382935444017e+05 3.081957766912e+05 2.834624280234e+05 2.779089623479e+05 2.618995821290e+05 9.265521121607e+04 4.173812438720e+04 
4.424368435875e+06 -6.273893167050e+06 1.677724915544e+06 3.115598467237e+05 1.721945922654e+06 2.780066398650e+06 1.089190708714e+07 1.231608700703e+06 -9.463580683283e+02 -1.026146645551e+03 1.134859318552e+03 1.534243496091e+06 9.217781420510e+05 5.415828954398e+05 4.079520911963e+05 3.015615411472e+05 2.295452904594e+05 1.759743322214e+05 1.404933305275e+05 9.881856020641e+04 1.557417676657e+04 -1.168338190874e+04 
2.432458951686e+07 -3.699092028214e+07 1.444201440548e+07 2.962068776516e+06 9.403677813867e+06 1.089190708714e+07 8.229854818481e+07 1.137409466762e+07 1.142058099087e+03 3.217028183506e+03 3.765923510479e+03 6.076103097515e+06 5.445251341573e+06 4.095567557190e+06 3.725097148385e+06 3.253350029994e+06 2.881369615788e+06 2.558638463927e+06 2.420534942162e+06 2.224758539342e+06 8.642144840859e+05 5.411034434317e+05 
3.282174675434e+06 -5.055902778974e+06 2.083901850279e+06 4.460348708335e+05 1.251708757796e+06 1.231608700703e+06 1.137409466762e+07 1.697998847867e+06 -1.678707169997e+03 -2.581025135804e+03 2.217670531657e+01 5.408700124493e+05 6.000289529025e+05 5.093232130873e+05 5.047458162659e+05 4.749469441332e+05 4.500491761540e+05 4.265025282182e+05 4.327139189881e+05 4.345177222454e+05 1.863789854654e+05 1.282639082226e+05 
2.013998389087e+04 1.313110949424e+02 1.131310479753e+03 4.003722833755e+02 -1.536667657378e+02 -9.463580683283e+02 1.142058099087e+03 -1.678707169997e+03 3.941161656615e+03 6.400946243019e+03 8.308576900093e+02 9.030953393352e+01 -3.189912343948e+01 1.998016006199e+01 -4.196250022279e+00 -1.495076710450e+01 3.497569254896e+01 4.141134001049e+01 4.145845988345e+01 -2.108761821075e+02 -1.767055932105e+02 -1.697317601133e+02 
3.548738291052e+04 -5.272126249272e+02 1.563014058935e+03 5.959430988097e+02 -1.059112911302e+01 -1.026146645551e+03 3.217028183506e+03 -2.581025135804e+03 6.400946243019e+03 1.063457232977e+04 1.950276098286e+03 5.702478746245e+01 -3.110322350686e+01 1.977945968836e+01 -1.838214541106e+00 -1.372416239155e+01 4.192564473796e+01 4.976057123888e+01 5.647870300215e+01 -3.309999190540e+02 -2.958746210949e+02 -3.123163931433e+02 
1.153135949055e+04 -1.928068778926e+03 -5.012268262106e+02 -6.380516562563e+01 5.957736697571e+02 1.134859318552e+03 3.765923510479e+03 2.217670531657e+01 8.308576900093e+02 1.950276098286e+03 1.728003560235e+03 -2.384993640802e+02 3.193528184247e+01 1.418401495475e+00 3.623694569217e+00 1.101835682780e+01 -3.935334074474e+01 -5.139369544672e+01 -1.812463435555e+01 -1.724659612224e+01 -7.270974777865e+01 -1.256967930775e+02 
-8.451617143846e+05 -2.540614674366e+06 1.177148637719e+06 1.626906024796e+05 7.666106771436e+05 1.534243496091e+06 6.076103097515e+06 5.408700124493e+05 9.030953393352e+01 5.702478746245e+01 -2.384993640802e+02 3.645208561632e+06 3.739733540019e+05 6.355902478307e+03 2.823565924873e+03 4.934848824756e+02 1.497228442947e+02 7.433632600081e+01 3.250324988585e+01 4.426549915832e+00 8.626900912679e-01 2.478372003381e+00 
4.007185142245e+05 -2.196574624851e+06 1.047634877121e+06 1.782682480178e+05 5.871530213316e+05 9.217781420510e+05 5.445251341573e+06 6.000289529025e+05 -3.189912343948e+01 -3.110322350686e+01 3.193528184247e+01 3.739733540019e+05 2.049383663170e+06 3.614823837091e+05 9.800130091394e+03 2.492623124903e+03 3.935261417933e+02 3.674596794267e+01 1.320398790203e+01 2.681320622681e+00 3.543367942887e-01 8.159753356441e-01 
5.997419626849e+05 -1.654407634034e+06 8.007037413655e+05 1.511711503627e+05 4.209245317033e+05 5.415828954398e+05 4.095567557190e+06 5.093232130873e+05 1.998016006199e+01 1.977945968836e+01 1.418401495475e+00 6.355902478307e+03 3.614823837091e+05 1.177756051644e+06 3.455268889323e+05 9.067778230571e+03 2.019824654175e+03 3.327669142818e+02 3.156572950946e+01 5.147585706802e+00 1.306424970118e-02 6.448147375966e-01 
7.027165359410e+05 -1.558405876671e+06 7.402825664754e+05 1.494987593469e+05 3.812873495778e+05 4.079520911963e+05 3.725097148385e+06 5.047458162659e+05 -4.196250022279e+00 -1.838214541106e+00 3.623694569217e+00 2.823565924873e+03 9.800130091394e+03 3.455268889323e+05 9.590992949462e+05 3.064961316172e+05 1.075593250274e+04 2.010568672534e+03 2.458494482102e+02 2.213869745564e+01 2.501272525307e+00 6.760069932218e-01 
7.361639842709e+05 -1.414631608877e+06 6.547820448674e+05 1.396910937644e+05 3.382935444017e+05 3.015615411472e+05 3.253350029994e+06 4.749469441332e+05 -1.495076710450e+01 -1.372416239155e+01 1.101835682780e+01 4.934848824756e+02 2.492623124903e+03 9.067778230571e+03 3.064961316172e+05 7.708194313522e+05 2.696600516099e+05 1.080487125590e+04 1.693725333808e+03 1.327065362002e+02 4.410135606509e+00 2.248905660473e+00 
7.440495830532e+05 -1.307437140332e+06 5.874240979526e+05 1.312841895247e+05 3.081957766912e+05 2.295452904594e+05 2.881369615788e+06 4.500491761540e+05 3.497569254896e+01 4.192564473796e+01 -3.935334074474e+01 1.497228442947e+02 3.935261417933e+02 2.019824654175e+03 1.075593250274e+04 2.696600516099e+05 6.518056993177e+05 2.354781502173e+05 9.747454086119e+03 9.997387618925e+02 3.267944451824e+01 7.048151501844e+00 
7.351516394836e+05 -1.212934148338e+06 5.280382550227e+05 1.229871203663e+05 2.834624280234e+05 1.759743322214e+05 2.558638463927e+06 4.265025282182e+05 4.141134001049e+01 4.976057123888e+01 -5.139369544672e+01 7.433632600081e+01 3.674596794267e+01 3.327669142818e+02 2.010568672534e+03 1.080487125590e+04 2.354781502173e+05 5.720591930510e+05 2.011288194018e+05 5.579015078206e+03 2.043879702953e+02 2.621754858825e+01 
7.645044114327e+05 -1.195370622852e+06 5.055926079659e+05 1.226070776535e+05 2.779089623479e+05 1.404933305275e+05 2.420534942162e+06 4.327139189881e+05 4.145845988345e+01 5.647870300215e+01 -1.812463435555e+01 3.250324988585e+01 1.320398790203e+01 3.156572950946e+01 2.458494482102e+02 1.693725333808e+03 9.747454086119e+03 2.011288194018e+05 5.938147449777e+05 1.519933168930e+05 1.289731347451e+03 1.791609587711e+02 
7.617693306277e+05 -1.130064689968e+06 4.716075224363e+05 1.196244675748e+05 2.618995821290e+05 9.881856020641e+04 2.224758539342e+06 4.345177222454e+05 -2.108761821075e+02 -3.309999190540e+02 -1.724659612224e+01 4.426549915832e+00 2.681320622681e+00 5.147585706802e+00 2.213869745564e+01 1.327065362002e+02 9.997387618925e+02 5.579015078206e+03 1.519933168930e+05 6.255931882000e+05 9.297069150087e+04 4.227412346975e+03 
2.951262673357e+05 -4.048383820225e+05 1.862937060622e+05 4.921573758991e+04 9.265521121607e+04 1.557417676657e+04 8.642144840859e+05 1.863789854654e+05 -1.767055932105e+02 -2.958746210949e+02 -7.270974777865e+01 8.626900912679e-01 3.543367942887e-01 1.306424970118e-02 2.501272525307e+00 4.410135606509e+00 3.267944451824e+01 2.043879702953e+02 1.289731347451e+03 9.297069150087e+04 2.099310730034e+05 4.365400195479e+04 
1.605978291336e+05 -1.880298801053e+05 1.193033246842e+05 3.262638881170e+04 4.173812438720e+04 -1.168338190874e+04 5.411034434317e+05 1.282639082226e+05 -1.697317601133e+02 -3.123163931433e+02 -1.256967930775e+02 2.478372003381e+00 8.159753356441e-01 6.448147375966e-01 6.760069932218e-01 2.248905660473e+00 7.048151501844e+00 2.621754858825e+01 1.791609587711e+02 4.227412346975e+03 4.365400195479e+04 1.706888567466e+05 
