6.055311593924e+06 -1.709996570344e+06 -5.589752766462e+05 -9.859775329394e+04 3.975010518934e+05 4.764263417779e+05 2.333963714223e+06 1.878418895834e+05 1.114103775051e+04 1.957074685972e+04 6.154748928873e+03 -6.372981886470e+05 -1.711248627023e+05 -7.963608614931e+04 -4.337266794910e+04 -2.084688094428e+04 -9.213727150538e+03 -2.984099687248e+03 -1.090211531080e+03 -4.729404468860e+03 -9.319246165005e+03 -1.805717911613e+04 
-1.709996570344e+06 2.866164300470e+06 3.664546261617e+04 1.447340448097e+04 -5.434351565885e+05 -4.869994377962e+05 -7.159202618400e+05 -1.385185172473e+04 8.182512716462e+02 1.094988881214e+03 -4.585417102867e+02 -7.583933182623e+04 -7.209410746195e+04 -4.684986063322e+04 -3.504584228921e+04 -2.153975693586e+04 -1.050402282300e+04 2.404703310218e+03 1.795309320622e+04 3.950805264112e+04 4.825353006662e+04 6.725134548940e+04 
-5.589752766462e+05 3.664546261617e+04 3.353826243719e+05 7.089109441402e+04 -3.524901076769e+04 -1.764611574440e+05 1.070860359074e+06 2.135141309713e+05 1.347339018206e+01 7.210935410618e+01 1.200605535522e+02 1.643763716345e+05 1.156926915607e+05 8.536509395838e+04 7.474882167011e+04 6.429245259082e+04 5.781061732044e+04 5.356030609265e+04 5.626372682602e+04 6.372854293545e+04 3.740864412728e+04 3.700221427742e+04 
-9.859775329394e+04 1.447340448097e+04 7.089109441402e+04 1.572466359325e+04 -9.114747063695e+03 -4.008896859723e+04 2.284857601618e+05 4.819982198513e+04 5.902252544697e+01 1.128643844630e+02 5.253990464900e+01 2.188763098540e+04 1.976392003857e+04 1.656669539230e+04 1.563902846271e+04 1.426078619425e+04 1.340809748384e+04 1.289096890785e+04 1.400512334194e+04 1.644878572742e+04 9.962866731879e+03 1.012745068365e+04 
3.975010518934e+05 -5.434351565885e+05 -3.524901076769e+04 -9.114747063695e+03 1.166884883766e+05 1.279317724560e+05 6.687437657574e+04 -1.838165228793e+04 -2.364871126016e+02 -3.098337410602e+02 1.483844137991e+02 1.124077426815e+04 8.817428549797e+03 4.024212995512e+03 1.475735055384e+03 -1.090181573121e+03 -3.348937934204e+03 -6.069228204467e+03 -9.649930869417e+03 -1.615817204659e+04 -1.436458583826e+04 -1.828610241936e+04 
4.764263417779e+05 -4.869994377962e+05 -1.764611574440e+05 -4.008896859723e+04 1.279317724560e+05 2.368332500142e+05 -5.283096540954e+05 -1.448980346517e+05 -4.711416703272e+02 -6.120297573318e+02 3.041482453969e+02 -1.886258168685e+04 -3.172718187899e+04 -3.302685210755e+04 -3.537854315434e+04 -3.561757149007e+04 -3.636035539615e+04 -3.758735128024e+04 -4.322456417360e+04 -5.329804461158e+04 -3.447320908301e+04 -3.681949131684e+04 
2.333963714223e+06 -7.159202618400e+05 1.070860359074e+06 2.284857601618e+05 6.687437657574e+04 -5.283096540954e+05 7.579722004138e+06 1.213812290664e+06 -7.045954361835e+02 -1.175255928585e+02 2.508035243284e+03 5.557464823055e+05 4.458353691943e+05 3.207153570893e+05 2.873099360813e+05 2.537551445580e+05 2.336930327753e+05 2.218676274261e+05 2.364696269934e+05 2.684657628548e+05 1.576520418539e+05 1.520251825285e+05 
1.878418895834e+05 -1.385185172473e+04 2.135141309713e+05 4.819982198513e+04 -1.838165228793e+04 -1.448980346517e+05 1.213812290664e+06 2.298249257504e+05 -1.073144166388e+03 -1.708039883548e+03 -1.337416647118e+02 5.147763057064e+04 5.614804841440e+04 4.960317366894e+04 5.040419360811e+04 4.911524230691e+04 4.892619840079e+04 4.954467855367e+04 5.596557211013e+04 6.741304592627e+04 4.138747261892e+04 4.131841174271e+04 
1.114103775051e+04 8.182512716462e+02 1.347339018206e+01 5.902252544697e+01 -2.364871126016e+02 -4.711416703272e+02 -7.045954361835e+02 -1.073144166388e+03 2.120912419503e+03 3.522777611887e+03 6.422174495622e+02 -6.629337875003e+00 -6.879922556746e+01 -7.666529204947e+01 -1.287796871368e+02 -8.837356052317e+01 -4.216967896975e+01 -3.558734053034e+01 -4.429155749508e+01 -2.576386919334e+02 -2.374299858314e+02 -2.558918193871e+02 
1.957074685972e+04 1.094988881214e+03 7.210935410618e+01 1.128643844630e+02 -3.098337410602e+02 -6.120297573318e+02 -1.175255928585e+02 -1.708039883548e+03 3.522777611887e+03 5.963996695949e+03 1.346526322395e+03 -2.351137641804e+00 -5.012814074369e+01 -6.421902505773e+01 -1.212113953746e+02 -9.291074538905e+01 -4.799194743835e+01 -4.597214628473e+01 -6.469359180905e+01 -4.065899249367e+02 -4.017311684735e+02 -4.755901731907e+02 
6.154748928873e+03 -4.585417102867e+02 1.200605535522e+02 5.253990464900e+01 1.483844137991e+02 3.041482453969e+02 2.508035243284e+03 -1.337416647118e+02 6.422174495622e+02 1.346526322395e+03 9.100456563478e+02 2.249205450428e+01 1.636416490861e+02 1.378025171032e+02 1.673952428943e+02 1.059613233582e+02 5.144625315537e+01 2.612401398228e+01 1.548113159663e+01 -3.371334871531e+01 -1.087318267216e+02 -1.949988161229e+02 
-6.372981886470e+05 -7.583933182623e+04 1.643763716345e+05 2.188763098540e+04 1.124077426815e+04 -1.886258168685e+04 5.557464823055e+05 5.147763057064e+04 -6.629337875003e+00 -2.351137641804e+00 2.249205450428e+01 5.040397592023e+05 4.334336553982e+04 6.951296364017e+02 5.489970809101e+02 6.644137980855e+00 4.455555579227e+01 4.208251887627e+00 3.455081863033e+00 5.448805821699e-01 2.514741290444e-01 6.848394922971e-01 
-1.711248627023e+05 -7.209410746195e+04 1.156926915607e+05 1.976392003857e+04 8.817428549797e+03 -3.172718187899e+04 4.458353691943e+05 5.614804841440e+04 -6.879922556746e+01 -5.012814074369e+01 1.636416490861e+02 4.334336553982e+04 2.453529035563e+05 3.300811101698e+04 1.448342690936e+02 6.987901192910e+02 -1.651106801090e+01 2.149482664579e+01 5.628007457183e+00 5.755192142110e-01 2.383521194095e-01 3.471219756858e-01 
-7.963608614931e+04 -4.684986063322e+04 8.536509395838e+04 1.656669539230e+04 4.024212995512e+03 -3.302685210755e+04 3.207153570893e+05 4.960317366894e+04 -7.666529204947e+01 -6.421902505773e+01 1.378025171032e+02 6.951296364017e+02 3.300811101698e+04 1.535809314674e+05 3.336940477435e+04 -1.874703474955e+02 5.464418173593e+02 2.994529008540e+01 3.438414020429e+00 4.143836526735e+00 -1.907186738369e-01 2.516648463985e-01 
-4.337266794910e+04 -3.504584228921e+04 7.474882167011e+04 1.563902846271e+04 1.475735055384e+03 -3.537854315434e+04 2.873099360813e+05 5.040419360811e+04 -1.287796871368e+02 -1.212113953746e+02 1.673952428943e+02 5.489970809101e+02 1.448342690936e+02 3.336940477435e+04 1.235119250184e+05 2.998488111351e+04 1.687205965369e+02 4.290803227431e+02 4.959120095334e+01 8.566588790140e+00 2.285530680120e+00 3.632269044992e-01 
-2.084688094428e+04 -2.153975693586e+04 6.429245259082e+04 1.426078619425e+04 -1.090181573121e+03 -3.561757149007e+04 2.537551445580e+05 4.911524230691e+04 -8.837356052317e+01 -9.291074538905e+01 1.059613233582e+02 6.644137980855e+00 6.987901192910e+02 -1.874703474955e+02 2.998488111351e+04 9.990945948368e+04 2.711923920177e+04 4.993302694820e+02 3.490913120702e+02 5.052514914758e+01 2.738425404474e+00 1.927770709541e+00 
-9.213727150538e+03 -1.050402282300e+04 5.781061732044e+04 1.340809748384e+04 -3.348937934204e+03 -3.636035539615e+04 2.336930327753e+05 4.892619840079e+04 -4.216967896975e+01 -4.799194743835e+01 5.144625315537e+01 4.455555579227e+01 -1.651106801090e+01 5.464418173593e+02 1.687205965369e+02 2.711923920177e+04 8.666982283469e+04 2.387872159961e+04 7.860968193694e+02 2.446607597058e+02 1.938899872726e+01 5.873227612416e+00 
-2.984099687248e+03 2.404703310218e+03 5.356030609265e+04 1.289096890785e+04 -6.069228204467e+03 -3.758735128024e+04 2.218676274261e+05 4.954467855367e+04 -3.558734053034e+01 -4.597214628473e+01 2.612401398228e+01 4.208251887627e+00 2.149482664579e+01 2.994529008540e+01 4.290803227431e+02 4.993302694820e+02 2.387872159961e+04 8.044778019399e+04 2.025732398908e+04 7.234662958392e+02 6.131731830913e+01 1.771335042391e+01 
-1.090211531080e+03 1.795309320622e+04 5.626372682602e+04 1.400512334194e+04 -9.649930869417e+03 -4.322456417360e+04 2.364696269934e+05 5.596557211013e+04 -4.429155749508e+01 -6.469359180905e+01 1.548113159663e+01 3.455081863033e+00 5.628007457183e+00 3.438414020429e+00 4.959120095334e+01 3.490913120702e+02 7.860968193694e+02 2.025732398908e+04 8.978094167591e+04 1.666040074745e+04 3.324714047356e+02 8.673150564768e+01 
-4.729404468860e+03 3.950805264112e+04 6.372854293545e+04 1.644878572742e+04 -1.615817204659e+04 -5.329804461158e+04 2.684657628548e+05 6.741304592627e+04 -2.576386919334e+02 -4.065899249367e+02 -3.371334871531e+01 5.448805821699e-01 5.755192142110e-01 4.143836526735e+00 8.566588790140e+00 5.052514914758e+01 2.446607597058e+02 7.234662958392e+02 1.666040074745e+04 1.040708784046e+05 1.526479315139e+04 1.072257547762e+03 
-9.319246165005e+03 4.825353006662e+04 3.740864412728e+04 9.962866731879e+03 -1.436458583826e+04 -3.447320908301e+04 1.576520418539e+05 4.138747261892e+04 -2.374299858314e+02 -4.017311684735e+02 -1.087318267216e+02 2.514741290444e-01 2.383521194095e-01 -1.907186738369e-01 2.285530680120e+00 2.738425404474e+00 1.938899872726e+01 6.131731830913e+01 3.324714047356e+02 1.526479315139e+04 5.222356047248e+04 9.271233064288e+03 
-1.805717911613e+04 6.725134548940e+04 3.700221427742e+04 1.012745068365e+04 -1.828610241936e+04 -3.681949131684e+04 1.520251825285e+05 4.131841174271e+04 -2.558918193871e+02 -4.755901731907e+02 -1.949988161229e+02 6.848394922971e-01 3.471219756858e-01 2.516648463985e-01 3.632269044992e-01 1.927770709541e+00 5.873227612416e+00 1.771335042391e+01 8.673150564768e+01 1.072257547762e+03 9.271233064288e+03 5.939942763105e+04 
