1.971614132900000084e+06 -1.448374849699999904e+06 2.115349555800000089e+05 5.519184856900000159e+04 -3.494958681700000074e+06 2.722100255999999936e+05 1.244766414700000023e+05 1.416347845699999925e+04 -1.452108904099999927e+04 -1.896960750299999887e+01 2.472065928999999887e+05 2.772945598500000197e+05 3.062482239699999918e+05 3.249647854100000113e+05 1.452152050499999896e+05 3.922252638500000188e+01 4.630571792799999997e+01 5.422970879399999689e+01 6.211785159699999781e+01 3.029438426000000106e+01
-1.448374849699999904e+06 4.212427965099999681e+06 7.573158271499999682e+04 1.819172242600000027e+04 -5.652356747500000347e+04 -8.120573705499999924e+05 1.657287815600000031e+05 2.031537355699999898e+04 9.895145651900000303e+03 -8.599033194099999946e+02 -3.662929705300000205e+04 -2.437638842799999838e+04 3.181678993300000116e+02 5.696881878400000278e+04 7.488809127200000512e+04 -2.452487301100000039e+01 -2.704114873600000024e+01 -2.903801274499999963e+01 -2.879700664199999949e+01 -1.096022211800000079e+01
2.115349555800000089e+05 7.573158271499999682e+04 6.320489524600000004e+04 1.505513149100000010e+04 -6.986410988000000361e+05 -5.152908933100000286e+04 5.721466604499999812e+04 6.675214540799999668e+03 -2.359174712000000000e+03 9.233476071500000160e+01 5.365475228800000332e+04 5.859832497899999726e+04 6.387790797600000224e+04 6.948822578900000372e+04 3.466820719400000235e+04 5.696044514699999617e+00 6.526857607800000238e+00 7.432112275299999737e+00 8.352744930900000142e+00 4.135155422599999575e+00
5.519184856900000159e+04 1.819172242600000027e+04 1.505513149100000010e+04 3.821895207999999911e+03 -1.519477234699999972e+05 -1.204066783000000032e+04 1.098413503999999921e+04 1.325274121200000081e+03 -3.823303892499999961e+02 1.912268798999999930e+01 1.169612519099999918e+04 1.344785564700000032e+04 1.534742880499999956e+04 1.742666771700000027e+04 8.947774429900000541e+03 1.231958488400000107e+00 1.489255727400000007e+00 1.780122329399999925e+00 2.095915672399999874e+00 1.071820269000000048e+00
-3.494958681700000074e+06 -5.652356747500000347e+04 -6.986410988000000361e+05 -1.519477234699999972e+05 1.202410815899999999e+07 1.269527870600000024e+05 -8.232966582900000503e+05 -9.208277197099999466e+04 5.762334234299999662e+04 2.544977185900000052e+02 -7.547128532000000123e+05 -8.126687985399999889e+05 -8.719639292000000132e+05 -9.227495367000000551e+05 -4.388634471899999771e+05 -1.024304880699999956e+02 -1.152272977899999944e+02 -1.287737036700000033e+02 -1.409703711299999895e+02 -6.720196831200000531e+01
2.722100255999999936e+05 -8.120573705499999924e+05 -5.152908933100000286e+04 -1.204066783000000032e+04 1.269527870600000024e+05 2.302424132600000012e+05 -6.797181738599999517e+04 -8.074200662600000214e+03 -1.863961170900000070e+03 -3.628446257699999933e+02 -6.829479216099999576e+03 -1.202207697499999995e+04 -2.089664192399999956e+04 -3.863646212299999752e+04 -3.168071329100000003e+04 5.262525018199999849e+00 5.662574430300000294e+00 5.842603073900000332e+00 5.301536624199999714e+00 1.608998729899999924e+00
1.244766414700000023e+05 1.657287815600000031e+05 5.721466604499999812e+04 1.098413503999999921e+04 -8.232966582900000503e+05 -6.797181738599999517e+04 1.037290629199999967e+05 1.205209349099999963e+04 -3.844590046299999813e+03 1.722521607200000062e+02 4.021056431400000292e+04 4.730009629300000233e+04 5.635710788999999932e+04 6.875291095099999802e+04 3.833693414299999858e+04 3.397286932100000101e+00 4.364584687499999838e+00 5.644009410399999815e+00 7.405831386100000024e+00 4.242083464500000289e+00
1.416347845699999925e+04 2.031537355699999898e+04 6.675214540799999668e+03 1.325274121200000081e+03 -9.208277197099999466e+04 -8.074200662600000214e+03 1.205209349099999963e+04 1.677737196799999992e+03 -4.093279812299999776e+02 1.847792776400000037e+01 1.067556566799999928e+03 3.239334253099999842e+03 6.109041578600000321e+03 1.031104506699999911e+04 7.045417728000000352e+03 9.019510259599999857e-02 2.989073973899999959e-01 6.118037182600000179e-01 1.110670953699999908e+00 7.795941619399999745e-01
-1.452108904099999927e+04 9.895145651900000303e+03 -2.359174712000000000e+03 -3.823303892499999961e+02 5.762334234299999662e+04 -1.863961170900000070e+03 -3.844590046299999813e+03 -4.093279812299999776e+02 3.941270073200000184e+02 4.282646558799999781e+00 -3.290079175200000009e+03 -3.354011636600000202e+03 -3.342704557300000033e+03 -3.146659570199999962e+03 -1.278444391400000086e+03 -5.615360815400000094e-01 -6.010832597499999874e-01 -6.293845354599999498e-01 -6.242560488099999638e-01 -2.629995872700000015e-01
-1.896960750299999887e+01 -8.599033194099999946e+02 9.233476071500000160e+01 1.912268798999999930e+01 2.544977185900000052e+02 -3.628446257699999933e+02 1.722521607200000062e+02 1.847792776400000037e+01 4.282646558799999781e+00 1.163722191499999958e+01 1.327487255299999980e+01 1.623074163100000078e+01 2.376841396400000050e+01 4.072971047400000089e+01 3.052386603300000090e+01 -1.289252285300000050e-02 -1.431708664999999971e-02 -1.523472001700000057e-02 -1.452823618399999919e-02 -5.171401183100000389e-03
2.472065928999999887e+05 -3.662929705300000205e+04 5.365475228800000332e+04 1.169612519099999918e+04 -7.547128532000000123e+05 -6.829479216099999576e+03 4.021056431400000292e+04 1.067556566799999928e+03 -3.290079175200000009e+03 1.327487255299999980e+01 2.901427382099999813e+05 0.000000000000000000e+00 0.000000000000000000e+00 0.000000000000000000e+00 0.000000000000000000e+00 3.549528581500000257e+01 0.000000000000000000e+00 0.000000000000000000e+00 0.000000000000000000e+00 0.000000000000000000e+00
2.772945598500000197e+05 -2.437638842799999838e+04 5.859832497899999726e+04 1.344785564700000032e+04 -8.126687985399999889e+05 -1.202207697499999995e+04 4.730009629300000233e+04 3.239334253099999842e+03 -3.354011636600000202e+03 1.623074163100000078e+01 0.000000000000000000e+00 3.064979498199999798e+05 0.000000000000000000e+00 0.000000000000000000e+00 0.000000000000000000e+00 0.000000000000000000e+00 3.935541137500000275e+01 0.000000000000000000e+00 0.000000000000000000e+00 0.000000000000000000e+00
3.062482239699999918e+05 3.181678993300000116e+02 6.387790797600000224e+04 1.534742880499999956e+04 -8.719639292000000132e+05 -2.089664192399999956e+04 5.635710788999999932e+04 6.109041578600000321e+03 -3.342704557300000033e+03 2.376841396400000050e+01 0.000000000000000000e+00 0.000000000000000000e+00 3.226293008300000220e+05 0.000000000000000000e+00 0.000000000000000000e+00 0.000000000000000000e+00 0.000000000000000000e+00 4.337998367099999797e+01 0.000000000000000000e+00 0.000000000000000000e+00
3.249647854100000113e+05 5.696881878400000278e+04 6.948822578900000372e+04 1.742666771700000027e+04 -9.227495367000000551e+05 -3.863646212299999752e+04 6.875291095099999802e+04 1.031104506699999911e+04 -3.146659570199999962e+03 4.072971047400000089e+01 0.000000000000000000e+00 0.000000000000000000e+00 0.000000000000000000e+00 3.342446745200000005e+05 0.000000000000000000e+00 0.000000000000000000e+00 0.000000000000000000e+00 0.000000000000000000e+00 4.679029840599999801e+01 0.000000000000000000e+00
1.452152050499999896e+05 7.488809127200000512e+04 3.466820719400000235e+04 8.947774429900000541e+03 -4.388634471899999771e+05 -3.168071329100000003e+04 3.833693414299999858e+04 7.045417728000000352e+03 -1.278444391400000086e+03 3.052386603300000090e+01 0.000000000000000000e+00 0.000000000000000000e+00 0.000000000000000000e+00 0.000000000000000000e+00 1.560504875400000019e+05 0.000000000000000000e+00 0.000000000000000000e+00 0.000000000000000000e+00 0.000000000000000000e+00 2.201866802600000028e+01
3.922252638500000188e+01 -2.452487301100000039e+01 5.696044514699999617e+00 1.231958488400000107e+00 -1.024304880699999956e+02 5.262525018199999849e+00 3.397286932100000101e+00 9.019510259599999857e-02 -5.615360815400000094e-01 -1.289252285300000050e-02 3.549528581500000257e+01 0.000000000000000000e+00 0.000000000000000000e+00 0.000000000000000000e+00 0.000000000000000000e+00 5.839223968799999581e-03 0.000000000000000000e+00 0.000000000000000000e+00 0.000000000000000000e+00 0.000000000000000000e+00
4.630571792799999997e+01 -2.704114873600000024e+01 6.526857607800000238e+00 1.489255727400000007e+00 -1.152272977899999944e+02 5.662574430300000294e+00 4.364584687499999838e+00 2.989073973899999959e-01 -6.010832597499999874e-01 -1.431708664999999971e-02 0.000000000000000000e+00 3.935541137500000275e+01 0.000000000000000000e+00 0.000000000000000000e+00 0.000000000000000000e+00 0.000000000000000000e+00 6.834438513199999829e-03 0.000000000000000000e+00 0.000000000000000000e+00 0.000000000000000000e+00
5.422970879399999689e+01 -2.903801274499999963e+01 7.432112275299999737e+00 1.780122329399999925e+00 -1.287737036700000033e+02 5.842603073900000332e+00 5.644009410399999815e+00 6.118037182600000179e-01 -6.293845354599999498e-01 -1.523472001700000057e-02 0.000000000000000000e+00 0.000000000000000000e+00 4.337998367099999797e+01 0.000000000000000000e+00 0.000000000000000000e+00 0.000000000000000000e+00 0.000000000000000000e+00 7.972999075400000191e-03 0.000000000000000000e+00 0.000000000000000000e+00
6.211785159699999781e+01 -2.879700664199999949e+01 8.352744930900000142e+00 2.095915672399999874e+00 -1.409703711299999895e+02 5.301536624199999714e+00 7.405831386100000024e+00 1.110670953699999908e+00 -6.242560488099999638e-01 -1.452823618399999919e-02 0.000000000000000000e+00 0.000000000000000000e+00 0.000000000000000000e+00 4.679029840599999801e+01 0.000000000000000000e+00 0.000000000000000000e+00 0.000000000000000000e+00 0.000000000000000000e+00 9.164100206700000542e-03 0.000000000000000000e+00
3.029438426000000106e+01 -1.096022211800000079e+01 4.135155422599999575e+00 1.071820269000000048e+00 -6.720196831200000531e+01 1.608998729899999924e+00 4.242083464500000289e+00 7.795941619399999745e-01 -2.629995872700000015e-01 -5.171401183100000389e-03 0.000000000000000000e+00 0.000000000000000000e+00 0.000000000000000000e+00 0.000000000000000000e+00 2.201866802600000028e+01 0.000000000000000000e+00 0.000000000000000000e+00 0.000000000000000000e+00 0.000000000000000000e+00 4.532391612999999916e-03
