5.958038670951e+06 -1.572861264786e+06 -5.446056966369e+05 -9.495220166348e+04 3.703717766155e+05 4.485391507069e+05 2.359722013683e+06 1.980440852958e+05 8.493927556345e+03 1.475853126684e+04 4.421650413085e+03 -6.329302056116e+05 -1.703593353175e+05 -8.174348781040e+04 -4.283012515514e+04 -2.049269129215e+04 -9.160978289073e+03 -2.809944993562e+03 -5.166263364858e+02 -1.984059065096e+03 -1.042503634521e+04 
-1.572861264786e+06 2.478287342296e+06 4.302000823043e+03 5.804921236959e+03 -4.715768731200e+05 -4.122621578776e+05 -8.376003962558e+05 -4.712755525327e+04 6.935907686144e+02 8.533657641270e+02 -5.690182749413e+02 -7.528385338365e+04 -7.133019275721e+04 -4.822010429830e+04 -3.491232699645e+04 -2.154226580613e+04 -1.085060970121e+04 2.106375711246e+03 1.739585155995e+04 3.255331822186e+04 6.424362588490e+04 
-5.446056966369e+05 4.302000823043e+03 3.201411141753e+05 6.678506444121e+04 -2.630774032880e+04 -1.599295002653e+05 1.011835977225e+06 1.974783885235e+05 1.344999097194e+02 2.698608161225e+02 1.575790484080e+02 1.636016968724e+05 1.145708198618e+05 8.754586036620e+04 7.412541193941e+04 6.336028298069e+04 5.767664560364e+04 5.571378099121e+04 5.515698529403e+04 5.826688629406e+04 4.975764781790e+04 
-9.495220166348e+04 5.804921236959e+03 6.678506444121e+04 1.461278886457e+04 -6.728444087392e+03 -3.567454120842e+04 2.125392378833e+05 4.386004002013e+04 9.503358481147e+01 1.705942587413e+02 6.189113213917e+01 2.179835523992e+04 1.954655949630e+04 1.698133699679e+04 1.551099375698e+04 1.404457619036e+04 1.336419597269e+04 1.340567619466e+04 1.373179464539e+04 1.501577240140e+04 1.337266517811e+04 
3.703717766155e+05 -4.715768731200e+05 -2.630774032880e+04 -6.728444087392e+03 1.017759462177e+05 1.106495487435e+05 1.007387228182e+05 -9.298411879641e+03 -1.998663616916e+02 -2.391576325593e+02 1.806231759309e+02 1.114870022314e+04 8.759325075728e+03 4.168118158438e+03 1.527488221845e+03 -9.476498268481e+02 -3.220197918436e+03 -6.183428539758e+03 -9.407663037663e+03 -1.404426528730e+04 -1.890152751593e+04 
4.485391507069e+05 -4.122621578776e+05 -1.599295002653e+05 -3.567454120842e+04 1.106495487435e+05 2.127793472082e+05 -4.629510251919e+05 -1.276980215079e+05 -3.885256254642e+02 -4.558212460244e+02 3.708551004075e+02 -1.843404560537e+04 -3.118220205047e+04 -3.376008575851e+04 -3.506237368615e+04 -3.502577869368e+04 -3.617839676931e+04 -3.904820476825e+04 -4.241196373414e+04 -4.826763009825e+04 -4.545337634820e+04 
2.359722013683e+06 -8.376003962558e+05 1.011835977225e+06 2.125392378833e+05 1.007387228182e+05 -4.629510251919e+05 7.326462187239e+06 1.147537761338e+06 -1.077279761036e+03 -8.051959327955e+02 2.243400183173e+03 5.541954832288e+05 4.411769315731e+05 3.288387784879e+05 2.848501719751e+05 2.500307845101e+05 2.331074051419e+05 2.309329391411e+05 2.323022552444e+05 2.463039878910e+05 2.100323439650e+05 
1.980440852958e+05 -4.712755525327e+04 1.974783885235e+05 4.386004002013e+04 -9.298411879641e+03 -1.276980215079e+05 1.147537761338e+06 2.120735557393e+05 -9.499158172686e+02 -1.481443875632e+03 -4.826650470417e+01 5.127663216353e+04 5.543205957435e+04 5.080934160451e+04 4.999199025915e+04 4.835757263386e+04 4.874255509950e+04 5.157728128904e+04 5.502108634247e+04 6.167517886232e+04 5.564082353712e+04 
8.493927556345e+03 6.935907686144e+02 1.344999097194e+02 9.503358481147e+01 -1.998663616916e+02 -3.885256254642e+02 -1.077279761036e+03 -9.499158172686e+02 1.737441700272e+03 2.817901816905e+03 3.766206326938e+02 -6.594588520674e+00 -6.706257681491e+01 -7.788052970574e+01 -1.286557624294e+02 -8.488252933799e+01 -4.401689435826e+01 -3.921009783592e+01 -3.659194779614e+01 -1.385353774811e+02 -2.170291182557e+02 
1.475853126684e+04 8.533657641270e+02 2.698608161225e+02 1.705942587413e+02 -2.391576325593e+02 -4.558212460244e+02 -8.051959327955e+02 -1.481443875632e+03 2.817901816905e+03 4.655841648704e+03 8.373365739414e+02 -2.946036276626e+00 -4.918971314148e+01 -6.426450477780e+01 -1.233959642614e+02 -8.560639131536e+01 -5.351701402920e+01 -5.245113726222e+01 -4.440775302569e+01 -2.370744809643e+02 -3.810375850458e+02 
4.421650413085e+03 -5.690182749413e+02 1.575790484080e+02 6.189113213917e+01 1.806231759309e+02 3.708551004075e+02 2.243400183173e+03 -4.826650470417e+01 3.766206326938e+02 8.373365739414e+02 6.901574817721e+02 2.113910946250e+01 1.589927987626e+02 1.421859098433e+02 1.628202383358e+02 1.085234997664e+02 4.675631472844e+01 2.493678258414e+01 2.838577505970e+01 -4.337850363982e+01 -1.280128569232e+02 
-6.329302056116e+05 -7.528385338365e+04 1.636016968724e+05 2.179835523992e+04 1.114870022314e+04 -1.843404560537e+04 5.541954832288e+05 5.127663216353e+04 -6.594588520674e+00 -2.946036276626e+00 2.113910946250e+01 5.014672776729e+05 4.354425750791e+04 7.062425486562e+02 5.286056860189e+02 3.633413946574e+00 4.706933362544e+01 4.029952386578e+00 3.732174713024e+00 3.205455368325e-02 1.054358753239e+00 
-1.703593353175e+05 -7.133019275721e+04 1.145708198618e+05 1.954655949630e+04 8.759325075728e+03 -3.118220205047e+04 4.411769315731e+05 5.543205957435e+04 -6.706257681491e+01 -4.918971314148e+01 1.589927987626e+02 4.354425750791e+04 2.423558556599e+05 3.284048037050e+04 1.447752732174e+02 6.834732369194e+02 -2.300838330571e+01 2.319922741091e+01 4.937549687217e+00 2.109379313576e-01 6.844319949883e-01 
-8.174348781040e+04 -4.822010429830e+04 8.754586036620e+04 1.698133699679e+04 4.168118158438e+03 -3.376008575851e+04 3.288387784879e+05 5.080934160451e+04 -7.788052970574e+01 -6.426450477780e+01 1.421859098433e+02 7.062425486562e+02 3.284048037050e+04 1.591745797712e+05 3.347323200217e+04 -1.593208792304e+02 5.577109232575e+02 3.857337647794e+01 4.709109587373e+00 6.035257641725e+00 4.966679595192e-02 
-4.283012515514e+04 -3.491232699645e+04 7.412541193941e+04 1.551099375698e+04 1.527488221845e+03 -3.506237368615e+04 2.848501719751e+05 4.999199025915e+04 -1.286557624294e+02 -1.233959642614e+02 1.628202383358e+02 5.286056860189e+02 1.447752732174e+02 3.347323200217e+04 1.217228236131e+05 3.002814074886e+04 1.936631866234e+02 4.402315413545e+02 4.563926962386e+01 6.477525811523e+00 3.924282320113e+00 
-2.049269129215e+04 -2.154226580613e+04 6.336028298069e+04 1.404457619036e+04 -9.476498268481e+02 -3.502577869368e+04 2.500307845101e+05 4.835757263386e+04 -8.488252933799e+01 -8.560639131536e+01 1.085234997664e+02 3.633413946574e+00 6.834732369194e+02 -1.593208792304e+02 3.002814074886e+04 9.747408927643e+04 2.709759493111e+04 5.297694231383e+02 3.328742120436e+02 6.124970542656e+01 8.000057804801e+00 
-9.160978289073e+03 -1.085060970121e+04 5.767664560364e+04 1.336419597269e+04 -3.220197918436e+03 -3.617839676931e+04 2.331074051419e+05 4.874255509950e+04 -4.401689435826e+01 -5.351701402920e+01 4.675631472844e+01 4.706933362544e+01 -2.300838330571e+01 5.577109232575e+02 1.936631866234e+02 2.709759493111e+04 8.628392553097e+04 2.389797390642e+04 7.375159463630e+02 2.522034291355e+02 4.205754585904e+01 
-2.809944993562e+03 2.106375711246e+03 5.571378099121e+04 1.340567619466e+04 -6.183428539758e+03 -3.904820476825e+04 2.309329391411e+05 5.157728128904e+04 -3.921009783592e+01 -5.245113726222e+01 2.493678258414e+01 4.029952386578e+00 2.319922741091e+01 3.857337647794e+01 4.402315413545e+02 5.297694231383e+02 2.389797390642e+04 8.513422426424e+04 2.034652512530e+04 8.416969542804e+02 1.408327411828e+02 
-5.166263364858e+02 1.739585155995e+04 5.515698529403e+04 1.373179464539e+04 -9.407663037663e+03 -4.241196373414e+04 2.323022552444e+05 5.502108634247e+04 -3.659194779614e+01 -4.440775302569e+01 2.838577505970e+01 3.732174713024e+00 4.937549687217e+00 4.709109587373e+00 4.563926962386e+01 3.328742120436e+02 7.375159463630e+02 2.034652512530e+04 8.723993434625e+04 1.648096817675e+04 5.782816641543e+02 
-1.984059065096e+03 3.255331822186e+04 5.826688629406e+04 1.501577240140e+04 -1.404426528730e+04 -4.826763009825e+04 2.463039878910e+05 6.167517886232e+04 -1.385353774811e+02 -2.370744809643e+02 -4.337850363982e+01 3.205455368325e-02 2.109379313576e-01 6.035257641725e+00 6.477525811523e+00 6.124970542656e+01 2.522034291355e+02 8.416969542804e+02 1.648096817675e+04 9.699468746763e+04 1.123080800744e+04 
-1.042503634521e+04 6.424362588490e+04 4.975764781790e+04 1.337266517811e+04 -1.890152751593e+04 -4.545337634820e+04 2.100323439650e+05 5.564082353712e+04 -2.170291182557e+02 -3.810375850458e+02 -1.280128569232e+02 1.054358753239e+00 6.844319949883e-01 4.966679595192e-02 3.924282320113e+00 8.000057804801e+00 4.205754585904e+01 1.408327411828e+02 5.782816641543e+02 1.123080800744e+04 8.559232146238e+04 
