2.052695838007e+07 -1.340558181749e+07 2.150061019939e+06 5.241968440830e+05 3.459418695428e+06 4.424361386456e+06 2.432435235292e+07 2.013992527869e+04 3.548727090318e+04 1.153130401828e+04 -8.451616840509e+05 4.007215998743e+05 5.997272396315e+05 7.027055527527e+05 7.361926286844e+05 7.440736188001e+05 7.351346439898e+05 7.644814909257e+05 7.617289002558e+05 2.951080624627e+05 1.605819901414e+05 
-1.340558181749e+07 2.139762089124e+07 -6.462616399454e+06 -1.342323591528e+06 -5.300118368589e+06 -6.273722994725e+06 -3.698969750023e+07 1.312529540478e+02 -5.272464971438e+02 -1.927920092665e+03 -2.540445196861e+06 -2.196559087989e+06 -1.654358631708e+06 -1.558401069003e+06 -1.414747272485e+06 -1.307462517519e+06 -1.212763001818e+06 -1.195307182138e+06 -1.129949062376e+06 -4.048150961792e+05 -1.880320123099e+05 
2.150061019939e+06 -6.462616399454e+06 3.022092018978e+06 6.254698091415e+05 1.609918603890e+06 1.677735620481e+06 1.444202739582e+07 1.131302690937e+03 1.563003271793e+03 -5.012238454422e+02 1.177148364249e+06 1.047641020983e+06 8.007002788399e+05 7.402831825670e+05 6.547906004302e+05 5.874225887128e+05 5.280408771325e+05 5.055936099250e+05 4.716028193814e+05 1.862918337031e+05 1.193028846761e+05 
5.241968440830e+05 -1.342323591528e+06 6.254698091415e+05 1.338615697878e+05 3.297930641737e+05 3.115671738491e+05 2.962099034779e+06 4.003733034089e+02 5.959454675034e+02 -6.380293092177e+01 1.627021319418e+05 1.782712977517e+05 1.511711763027e+05 1.495009438513e+05 1.396903429830e+05 1.312846917300e+05 1.229849933319e+05 1.226083930110e+05 1.196234806431e+05 4.921741958904e+04 3.262694756215e+04 
3.459418695428e+06 -5.300118368589e+06 1.609918603890e+06 3.297930641737e+05 1.355753154268e+06 1.722095605879e+06 9.404495966234e+06 -1.537142242187e+02 -1.063377559932e+01 5.958534720430e+02 7.667031441430e+05 5.871744797403e+05 4.209432141000e+05 3.813219733600e+05 3.383363257640e+05 3.082251572068e+05 2.834954892858e+05 2.779451282552e+05 2.619169784509e+05 9.265880129119e+04 4.173857192287e+04 
4.424361386456e+06 -6.273722994725e+06 1.677735620481e+06 3.115671738491e+05 1.722095605879e+06 2.780079670356e+06 1.089195889410e+07 -9.463589882437e+02 -1.026147432193e+03 1.134861108198e+03 1.534246405889e+06 9.217734292291e+05 5.415885115262e+05 4.079601225124e+05 3.015657443138e+05 2.295460302667e+05 1.759760298357e+05 1.404943695026e+05 9.881893850822e+04 1.557458489775e+04 -1.168340227667e+04 
2.432435235292e+07 -3.698969750023e+07 1.444202739582e+07 2.962099034779e+06 9.404495966234e+06 1.089195889410e+07 8.229851844829e+07 1.142055993963e+03 3.217024793776e+03 3.765923228603e+03 6.076112249350e+06 5.445259311716e+06 4.095558863283e+06 3.725084564089e+06 3.253348634063e+06 2.881373775846e+06 2.558643015962e+06 2.420534583619e+06 2.224754085964e+06 8.642140788812e+05 5.411030896793e+05 
2.013992527869e+04 1.312529540478e+02 1.131302690937e+03 4.003733034089e+02 -1.537142242187e+02 -9.463589882437e+02 1.142055993963e+03 3.941161787365e+03 6.400946431401e+03 8.308576536772e+02 9.030953505810e+01 -3.189913200757e+01 1.998015805001e+01 -4.196255040872e+00 -1.495076710191e+01 3.497569707525e+01 4.141134652913e+01 4.145847108770e+01 -2.108761841397e+02 -1.767055930213e+02 -1.697317539451e+02 
3.548727090318e+04 -5.272464971438e+02 1.563003271793e+03 5.959454675034e+02 -1.063377559932e+01 -1.026147432193e+03 3.217024793776e+03 6.400946431401e+03 1.063457260920e+04 1.950276067284e+03 5.702476981419e+01 -3.110322403566e+01 1.977944535525e+01 -1.838217154144e+00 -1.372416575321e+01 4.192565430651e+01 4.976057794828e+01 5.647872098114e+01 -3.309999229834e+02 -2.958746204576e+02 -3.123163815811e+02 
1.153130401828e+04 -1.927920092665e+03 -5.012238454422e+02 -6.380293092177e+01 5.958534720430e+02 1.134861108198e+03 3.765923228603e+03 8.308576536772e+02 1.950276067284e+03 1.728003629236e+03 -2.384993722944e+02 3.193529474416e+01 1.418409469593e+00 3.623698726409e+00 1.101835832572e+01 -3.935334664759e+01 -5.139370407512e+01 -1.812463710907e+01 -1.724659494204e+01 -7.270974664072e+01 -1.256967880979e+02 
-8.451616840509e+05 -2.540445196861e+06 1.177148364249e+06 1.627021319418e+05 7.667031441430e+05 1.534246405889e+06 6.076112249350e+06 9.030953505810e+01 5.702476981419e+01 -2.384993722944e+02 3.645208631125e+06 3.739733529355e+05 6.355902868481e+03 2.823567061100e+03 4.934834334189e+02 1.497227929789e+02 7.433628238570e+01 3.250326799476e+01 4.426535461321e+00 8.626890806673e-01 2.478371647977e+00 
4.007215998743e+05 -2.196559087989e+06 1.047641020983e+06 1.782712977517e+05 5.871744797403e+05 9.217734292291e+05 5.445259311716e+06 -3.189913200757e+01 -3.110322403566e+01 3.193529474416e+01 3.739733529355e+05 2.049383673310e+06 3.614823899857e+05 9.800129270543e+03 2.492622970132e+03 3.935264138081e+02 3.674574542122e+01 1.320394844846e+01 2.681299915938e+00 3.543379320078e-01 8.159753823496e-01 
5.997272396315e+05 -1.654358631708e+06 8.007002788399e+05 1.511711763027e+05 4.209432141000e+05 5.415885115262e+05 4.095558863283e+06 1.998015805001e+01 1.977944535525e+01 1.418409469593e+00 6.355902868481e+03 3.614823899857e+05 1.177756087190e+06 3.455268929931e+05 9.067777819898e+03 2.019824675397e+03 3.327672111350e+02 3.156568314087e+01 5.147500578443e+00 1.305966130873e-02 6.448140410427e-01 
7.027055527527e+05 -1.558401069003e+06 7.402831825670e+05 1.495009438513e+05 3.813219733600e+05 4.079601225124e+05 3.725084564089e+06 -4.196255040872e+00 -1.838217154144e+00 3.623698726409e+00 2.823567061100e+03 9.800129270543e+03 3.455268929931e+05 9.590993142248e+05 3.064961408847e+05 1.075593262526e+04 2.010569022993e+03 2.458496041102e+02 2.213867953926e+01 2.501276880903e+00 6.760064656340e-01 
7.361926286844e+05 -1.414747272485e+06 6.547906004302e+05 1.396903429830e+05 3.383363257640e+05 3.015657443138e+05 3.253348634063e+06 -1.495076710191e+01 -1.372416575321e+01 1.101835832572e+01 4.934834334189e+02 2.492622970132e+03 9.067777819898e+03 3.064961408847e+05 7.708194542235e+05 2.696600643124e+05 1.080487113120e+04 1.693725607040e+03 1.327066588208e+02 4.410143492086e+00 2.248900624837e+00 
7.440736188001e+05 -1.307462517519e+06 5.874225887128e+05 1.312846917300e+05 3.082251572068e+05 2.295460302667e+05 2.881373775846e+06 3.497569707525e+01 4.192565430651e+01 -3.935334664759e+01 1.497227929789e+02 3.935264138081e+02 2.019824675397e+03 1.075593262526e+04 2.696600643124e+05 6.518057474177e+05 2.354781563829e+05 9.747454022045e+03 9.997391168802e+02 3.267939243169e+01 7.048151347077e+00 
7.351346439898e+05 -1.212763001818e+06 5.280408771325e+05 1.229849933319e+05 2.834954892858e+05 1.759760298357e+05 2.558643015962e+06 4.141134652913e+01 4.976057794828e+01 -5.139370407512e+01 7.433628238570e+01 3.674574542122e+01 3.327672111350e+02 2.010569022993e+03 1.080487113120e+04 2.354781563829e+05 5.720592429405e+05 2.011288331266e+05 5.579015029434e+03 2.043878786426e+02 2.621750814774e+01 
7.644814909257e+05 -1.195307182138e+06 5.055936099250e+05 1.226083930110e+05 2.779451282552e+05 1.404943695026e+05 2.420534583619e+06 4.145847108770e+01 5.647872098114e+01 -1.812463710907e+01 3.250326799476e+01 1.320394844846e+01 3.156568314087e+01 2.458496041102e+02 1.693725607040e+03 9.747454022045e+03 2.011288331266e+05 5.938147900724e+05 1.519933212694e+05 1.289731171232e+03 1.791608477851e+02 
7.617289002558e+05 -1.129949062376e+06 4.716028193814e+05 1.196234806431e+05 2.619169784509e+05 9.881893850822e+04 2.224754085964e+06 -2.108761841397e+02 -3.309999229834e+02 -1.724659494204e+01 4.426535461321e+00 2.681299915938e+00 5.147500578443e+00 2.213867953926e+01 1.327066588208e+02 9.997391168802e+02 5.579015029434e+03 1.519933212694e+05 6.255931979412e+05 9.297069593155e+04 4.227412380998e+03 
2.951080624627e+05 -4.048150961792e+05 1.862918337031e+05 4.921741958904e+04 9.265880129119e+04 1.557458489775e+04 8.642140788812e+05 -1.767055930213e+02 -2.958746204576e+02 -7.270974664072e+01 8.626890806673e-01 3.543379320078e-01 1.305966130873e-02 2.501276880903e+00 4.410143492086e+00 3.267939243169e+01 2.043878786426e+02 1.289731171232e+03 9.297069593155e+04 2.099310811859e+05 4.365400320494e+04 
1.605819901414e+05 -1.880320123099e+05 1.193028846761e+05 3.262694756215e+04 4.173857192287e+04 -1.168340227667e+04 5.411030896793e+05 -1.697317539451e+02 -3.123163815811e+02 -1.256967880979e+02 2.478371647977e+00 8.159753823496e-01 6.448140410427e-01 6.760064656340e-01 2.248900624837e+00 7.048151347077e+00 2.621750814774e+01 1.791608477851e+02 4.227412380998e+03 4.365400320494e+04 1.706888597678e+05 
