2.376719638422e+06 -1.692438808119e+06 2.584677960360e+05 6.800633147402e+04 -4.206160981421e+06 3.194737814861e+05 1.231264505206e+05 1.419008332363e+04 2.509570822800e+05 2.898600742600e+05 3.343597656900e+05 3.826786119800e+05 1.894948806600e+05 3.915479076700e+01 4.632661992700e+01 5.505905622800e+01 6.579457205700e+01 3.445551383200e+01 -7.191340227031e+01 -8.414627763033e+01 -7.365930699692e+01 -7.322151443743e+01 -6.883367005786e+01 -6.542443021658e+01 -6.284486406868e+01 -6.559885489395e+01 -7.394369461578e+01 -4.850276040153e+01 -5.318613946230e+01 
-1.692438808119e+06 4.719042518453e+06 6.478173543967e+04 1.551274370254e+04 1.361161354939e+05 -8.980575195765e+05 1.657909203115e+05 2.047974882105e+04 -4.040658970400e+04 -3.538810768800e+04 -2.050155867300e+04 2.440191681100e+04 6.055103397900e+04 -2.467827575000e+01 -2.761534634200e+01 -3.058534878500e+01 -3.251366317400e+01 -1.394735372000e+01 1.374399113527e+02 1.570588882846e+02 1.351506565594e+02 1.334227381449e+02 1.252347945976e+02 1.191946740166e+02 1.149140608127e+02 1.206492762327e+02 1.372835365039e+02 9.091858800111e+01 1.008856759968e+02 
2.584677960360e+05 6.478173543967e+04 7.285618734476e+04 1.750666189468e+04 -8.120338360413e+05 -5.363375247844e+04 5.752677962281e+04 6.787454569737e+03 5.421033216900e+04 6.033746023400e+04 6.755821337300e+04 7.689757573100e+04 4.077144195700e+04 5.688529221000e+00 6.524209332600e+00 7.500810637900e+00 8.685790803400e+00 4.534295789700e+00 6.346037193609e+00 8.886303074748e+00 8.600852303296e+00 9.164387965493e+00 9.074210011529e+00 8.984719933294e+00 8.924493110214e+00 9.587443767089e+00 1.110382365474e+01 7.408180194138e+00 8.214111480560e+00 
6.800633147402e+04 1.551274370254e+04 1.750666189468e+04 4.470817837804e+03 -1.794805006133e+05 -1.256383031244e+04 1.117250440580e+04 1.365127299667e+03 1.182365283100e+04 1.387308451600e+04 1.629559325200e+04 1.942324713300e+04 1.063184749900e+04 1.230177426500e+00 1.488945974600e+00 1.798972110500e+00 2.188064094000e+00 1.183837714400e+00 7.033074307256e-01 1.282624108306e+00 1.404889447717e+00 1.635588071553e+00 1.737163576495e+00 1.823422892405e+00 1.907329937548e+00 2.152187166305e+00 2.630394371021e+00 1.828577964154e+00 2.108461320161e+00 
-4.206160981421e+06 1.361161354939e+05 -8.120338360413e+05 -1.794805006133e+05 1.392878948884e+07 8.738151550940e+04 -8.127653182006e+05 -9.186640472528e+04 -7.620808948500e+05 -8.374922358100e+05 -9.263436503600e+05 -1.033714509300e+06 -5.277078089400e+05 -1.021759323100e+02 -1.150592472800e+02 -1.300017297900e+02 -1.472027414000e+02 -7.445163713600e+01 -2.634075545452e+01 -3.034768682600e+01 -2.721148237074e+01 -2.774591369350e+01 -2.676934630366e+01 -2.605989717669e+01 -2.563562492112e+01 -2.745469438201e+01 -3.191474567441e+01 -2.150330554933e+01 -2.427195697342e+01 
3.194737814861e+05 -8.980575195765e+05 -5.363375247844e+04 -1.256383031244e+04 8.738151550940e+04 2.551821697729e+05 -6.816470288863e+04 -8.167828464423e+03 -5.838283665600e+03 -9.308446703900e+03 -1.609027992300e+04 -3.209236136200e+04 -3.008564828600e+04 5.327781037500e+00 5.865905851600e+00 6.318664686100e+00 6.313773573700e+00 2.332143344900e+00 -2.851858134523e+01 -3.212489903425e+01 -2.903040430723e+01 -2.986030932214e+01 -2.902018571430e+01 -2.847725023739e+01 -2.824041513912e+01 -3.049461019799e+01 -3.585153619358e+01 -2.438788350012e+01 -2.782566559798e+01 
1.231264505206e+05 1.657909203115e+05 5.752677962281e+04 1.117250440580e+04 -8.127653182006e+05 -6.816470288863e+04 9.320112332372e+04 1.073433115117e+04 3.897549720300e+04 4.390309888500e+04 5.076503655600e+04 6.176848071400e+04 3.601497657400e+04 3.200998912500e+00 3.790653391800e+00 4.617735436500e+00 5.925100932900e+00 3.538250407500e+00 3.757975431263e+01 3.429181310666e+01 2.867318267788e+01 2.798268538915e+01 2.610986503520e+01 2.476283579420e+01 2.381820915552e+01 2.496643738210e+01 2.837063863840e+01 1.877542560782e+01 2.082302684043e+01 
1.419008332363e+04 2.047974882105e+04 6.787454569737e+03 1.365127299667e+03 -9.186640472528e+04 -8.167828464423e+03 1.073433115117e+04 1.498226336260e+03 1.034989288600e+03 3.006960349600e+03 5.503197094400e+03 9.263995674600e+03 6.618953605100e+03 8.500211222200e-02 2.596250546700e-01 5.005868204000e-01 8.886426989800e-01 6.502715680600e-01 4.413732715415e+00 5.653609598262e+00 5.377015149566e+00 5.715392800689e+00 5.685066057566e+00 5.675121167545e+00 5.701488517760e+00 6.217872603906e+00 7.363863058336e+00 5.023029091597e+00 5.723695946513e+00 
2.509570822800e+05 -4.040658970400e+04 5.421033216900e+04 1.182365283100e+04 -7.620808948500e+05 -5.838283665600e+03 3.897549720300e+04 1.034989288600e+03 2.877666285200e+05 0.000000000000e+00 0.000000000000e+00 0.000000000000e+00 0.000000000000e+00 3.476356975700e+01 0.000000000000e+00 0.000000000000e+00 0.000000000000e+00 0.000000000000e+00 0.000000000000e+00 0.000000000000e+00 0.000000000000e+00 0.000000000000e+00 0.000000000000e+00 0.000000000000e+00 0.000000000000e+00 0.000000000000e+00 0.000000000000e+00 0.000000000000e+00 0.000000000000e+00 
2.898600742600e+05 -3.538810768800e+04 6.033746023400e+04 1.387308451600e+04 -8.374922358100e+05 -9.308446703900e+03 4.390309888500e+04 3.006960349600e+03 0.000000000000e+00 3.010190849000e+05 0.000000000000e+00 0.000000000000e+00 0.000000000000e+00 0.000000000000e+00 3.741672345000e+01 0.000000000000e+00 0.000000000000e+00 0.000000000000e+00 0.000000000000e+00 0.000000000000e+00 0.000000000000e+00 0.000000000000e+00 0.000000000000e+00 0.000000000000e+00 0.000000000000e+00 0.000000000000e+00 0.000000000000e+00 0.000000000000e+00 0.000000000000e+00 
3.343597656900e+05 -2.050155867300e+04 6.755821337300e+04 1.629559325200e+04 -9.263436503600e+05 -1.609027992300e+04 5.076503655600e+04 5.503197094400e+03 0.000000000000e+00 0.000000000000e+00 3.164806844900e+05 0.000000000000e+00 0.000000000000e+00 0.000000000000e+00 0.000000000000e+00 4.038730408100e+01 0.000000000000e+00 0.000000000000e+00 0.000000000000e+00 0.000000000000e+00 0.000000000000e+00 0.000000000000e+00 0.000000000000e+00 0.000000000000e+00 0.000000000000e+00 0.000000000000e+00 0.000000000000e+00 0.000000000000e+00 0.000000000000e+00 
3.826786119800e+05 2.440191681100e+04 7.689757573100e+04 1.942324713300e+04 -1.033714509300e+06 -3.209236136200e+04 6.176848071400e+04 9.263995674600e+03 0.000000000000e+00 0.000000000000e+00 0.000000000000e+00 3.341881418500e+05 0.000000000000e+00 0.000000000000e+00 0.000000000000e+00 0.000000000000e+00 4.355568942000e+01 0.000000000000e+00 0.000000000000e+00 0.000000000000e+00 0.000000000000e+00 0.000000000000e+00 0.000000000000e+00 0.000000000000e+00 0.000000000000e+00 0.000000000000e+00 0.000000000000e+00 0.000000000000e+00 0.000000000000e+00 
1.894948806600e+05 6.055103397900e+04 4.077144195700e+04 1.063184749900e+04 -5.277078089400e+05 -3.008564828600e+04 3.601497657400e+04 6.618953605100e+03 0.000000000000e+00 0.000000000000e+00 0.000000000000e+00 0.000000000000e+00 1.637000500400e+05 0.000000000000e+00 0.000000000000e+00 0.000000000000e+00 0.000000000000e+00 2.126321452400e+01 0.000000000000e+00 0.000000000000e+00 0.000000000000e+00 0.000000000000e+00 0.000000000000e+00 0.000000000000e+00 0.000000000000e+00 0.000000000000e+00 0.000000000000e+00 0.000000000000e+00 0.000000000000e+00 
3.915479076700e+01 -2.467827575000e+01 5.688529221000e+00 1.230177426500e+00 -1.021759323100e+02 5.327781037500e+00 3.200998912500e+00 8.500211222200e-02 3.476356975700e+01 0.000000000000e+00 0.000000000000e+00 0.000000000000e+00 0.000000000000e+00 5.637679184000e-03 0.000000000000e+00 0.000000000000e+00 0.000000000000e+00 0.000000000000e+00 0.000000000000e+00 0.000000000000e+00 0.000000000000e+00 0.000000000000e+00 0.000000000000e+00 0.000000000000e+00 0.000000000000e+00 0.000000000000e+00 0.000000000000e+00 0.000000000000e+00 0.000000000000e+00 
4.632661992700e+01 -2.761534634200e+01 6.524209332600e+00 1.488945974600e+00 -1.150592472800e+02 5.865905851600e+00 3.790653391800e+00 2.596250546700e-01 0.000000000000e+00 3.741672345000e+01 0.000000000000e+00 0.000000000000e+00 0.000000000000e+00 0.000000000000e+00 6.259054602300e-03 0.000000000000e+00 0.000000000000e+00 0.000000000000e+00 0.000000000000e+00 0.000000000000e+00 0.000000000000e+00 0.000000000000e+00 0.000000000000e+00 0.000000000000e+00 0.000000000000e+00 0.000000000000e+00 0.000000000000e+00 0.000000000000e+00 0.000000000000e+00 
5.505905622800e+01 -3.058534878500e+01 7.500810637900e+00 1.798972110500e+00 -1.300017297900e+02 6.318664686100e+00 4.617735436500e+00 5.005868204000e-01 0.000000000000e+00 0.000000000000e+00 4.038730408100e+01 0.000000000000e+00 0.000000000000e+00 0.000000000000e+00 0.000000000000e+00 6.978855680600e-03 0.000000000000e+00 0.000000000000e+00 0.000000000000e+00 0.000000000000e+00 0.000000000000e+00 0.000000000000e+00 0.000000000000e+00 0.000000000000e+00 0.000000000000e+00 0.000000000000e+00 0.000000000000e+00 0.000000000000e+00 0.000000000000e+00 
6.579457205700e+01 -3.251366317400e+01 8.685790803400e+00 2.188064094000e+00 -1.472027414000e+02 6.313773573700e+00 5.925100932900e+00 8.886426989800e-01 0.000000000000e+00 0.000000000000e+00 0.000000000000e+00 4.355568942000e+01 0.000000000000e+00 0.000000000000e+00 0.000000000000e+00 0.000000000000e+00 7.813129654400e-03 0.000000000000e+00 0.000000000000e+00 0.000000000000e+00 0.000000000000e+00 0.000000000000e+00 0.000000000000e+00 0.000000000000e+00 0.000000000000e+00 0.000000000000e+00 0.000000000000e+00 0.000000000000e+00 0.000000000000e+00 
3.445551383200e+01 -1.394735372000e+01 4.534295789700e+00 1.183837714400e+00 -7.445163713600e+01 2.332143344900e+00 3.538250407500e+00 6.502715680600e-01 0.000000000000e+00 0.000000000000e+00 0.000000000000e+00 0.000000000000e+00 2.126321452400e+01 0.000000000000e+00 0.000000000000e+00 0.000000000000e+00 0.000000000000e+00 3.934908062900e-03 0.000000000000e+00 0.000000000000e+00 0.000000000000e+00 0.000000000000e+00 0.000000000000e+00 0.000000000000e+00 0.000000000000e+00 0.000000000000e+00 0.000000000000e+00 0.000000000000e+00 0.000000000000e+00 
-7.191340227031e+01 1.374399113527e+02 6.346037193609e+00 7.033074307256e-01 -2.634075545452e+01 -2.851858134523e+01 3.757975431263e+01 4.413732715415e+00 0.000000000000e+00 0.000000000000e+00 0.000000000000e+00 0.000000000000e+00 0.000000000000e+00 0.000000000000e+00 0.000000000000e+00 0.000000000000e+00 0.000000000000e+00 0.000000000000e+00 2.472962692034e+01 2.584170722390e+00 2.747201218793e-01 9.271232541290e-02 3.924947148969e-02 1.833597932706e-02 8.890650350417e-03 4.825272226894e-03 2.146703250940e-03 5.125746032067e-04 1.941241183905e-04 
-8.414627763033e+01 1.570588882846e+02 8.886303074748e+00 1.282624108306e+00 -3.034768682600e+01 -3.212489903425e+01 3.429181310666e+01 5.653609598262e+00 0.000000000000e+00 0.000000000000e+00 0.000000000000e+00 0.000000000000e+00 0.000000000000e+00 0.000000000000e+00 0.000000000000e+00 0.000000000000e+00 0.000000000000e+00 0.000000000000e+00 2.584170722390e+00 1.687125376869e+01 2.987835932185e+00 3.945782022326e-01 1.502681744040e-01 6.845302460527e-02 3.290385194197e-02 1.778878058378e-02 7.908439312780e-03 1.888661445924e-03 7.150886354597e-04 
-7.365930699692e+01 1.351506565594e+02 8.600852303296e+00 1.404889447717e+00 -2.721148237074e+01 -2.903040430723e+01 2.867318267788e+01 5.377015149566e+00 0.000000000000e+00 0.000000000000e+00 0.000000000000e+00 0.000000000000e+00 0.000000000000e+00 0.000000000000e+00 0.000000000000e+00 0.000000000000e+00 0.000000000000e+00 0.000000000000e+00 2.747201218793e-01 2.987835932185e+00 1.219181415026e+01 2.512253699795e+00 3.036542745310e-01 1.185033599168e-01 5.466242127769e-02 2.912438515346e-02 1.290856005473e-02 3.083337466367e-03 1.166687545385e-03 
-7.322151443743e+01 1.334227381449e+02 9.164387965493e+00 1.635588071553e+00 -2.774591369350e+01 -2.986030932214e+01 2.798268538915e+01 5.715392800689e+00 0.000000000000e+00 0.000000000000e+00 0.000000000000e+00 0.000000000000e+00 0.000000000000e+00 0.000000000000e+00 0.000000000000e+00 0.000000000000e+00 0.000000000000e+00 0.000000000000e+00 9.271232541290e-02 3.945782022326e-01 2.512253699795e+00 1.161400847979e+01 2.318875640546e+00 2.824640114694e-01 1.096866754072e-01 5.565703050535e-02 2.439927311370e-02 5.824850915915e-03 2.201476942207e-03 
-6.883367005786e+01 1.252347945976e+02 9.074210011529e+00 1.737163576495e+00 -2.676934630366e+01 -2.902018571430e+01 2.610986503520e+01 5.685066057566e+00 0.000000000000e+00 0.000000000000e+00 0.000000000000e+00 0.000000000000e+00 0.000000000000e+00 0.000000000000e+00 0.000000000000e+00 0.000000000000e+00 0.000000000000e+00 0.000000000000e+00 3.924947148969e-02 1.502681744040e-01 3.036542745310e-01 2.318875640546e+00 1.050019105148e+01 2.043521118914e+00 2.355246126187e-01 9.821727481876e-02 4.124828494090e-02 9.804168492955e-03 3.696439217487e-03 
-6.542443021658e+01 1.191946740166e+02 8.984719933294e+00 1.823422892405e+00 -2.605989717669e+01 -2.847725023739e+01 2.476283579420e+01 5.675121167545e+00 0.000000000000e+00 0.000000000000e+00 0.000000000000e+00 0.000000000000e+00 0.000000000000e+00 0.000000000000e+00 0.000000000000e+00 0.000000000000e+00 0.000000000000e+00 0.000000000000e+00 1.833597932706e-02 6.845302460527e-02 1.185033599168e-01 2.824640114694e-01 2.043521118914e+00 9.860549056949e+00 1.779814050763e+00 2.111409110207e-01 7.453202597241e-02 1.731292807400e-02 6.501867400279e-03 
-6.284486406868e+01 1.149140608127e+02 8.924493110214e+00 1.907329937548e+00 -2.563562492112e+01 -2.824041513912e+01 2.381820915552e+01 5.701488517760e+00 0.000000000000e+00 0.000000000000e+00 0.000000000000e+00 0.000000000000e+00 0.000000000000e+00 0.000000000000e+00 0.000000000000e+00 0.000000000000e+00 0.000000000000e+00 0.000000000000e+00 8.890650350417e-03 3.290385194197e-02 5.466242127769e-02 1.096866754072e-01 2.355246126187e-01 1.779814050763e+00 9.444652257424e+00 1.605970545509e+00 1.686954957855e-01 3.498599835475e-02 1.305680062856e-02 
-6.559885489395e+01 1.206492762327e+02 9.587443767089e+00 2.152187166305e+00 -2.745469438201e+01 -3.049461019799e+01 2.496643738210e+01 6.217872603906e+00 0.000000000000e+00 0.000000000000e+00 0.000000000000e+00 0.000000000000e+00 0.000000000000e+00 0.000000000000e+00 0.000000000000e+00 0.000000000000e+00 0.000000000000e+00 0.000000000000e+00 4.825272226894e-03 1.778878058378e-02 2.912438515346e-02 5.565703050535e-02 9.821727481876e-02 2.111409110207e-01 1.605970545509e+00 1.000617039956e+01 1.469341969030e+00 1.046688342664e-01 3.693047801763e-02 
-7.394369461578e+01 1.372835365039e+02 1.110382365474e+01 2.630394371021e+00 -3.191474567441e+01 -3.585153619358e+01 2.837063863840e+01 7.363863058336e+00 0.000000000000e+00 0.000000000000e+00 0.000000000000e+00 0.000000000000e+00 0.000000000000e+00 0.000000000000e+00 0.000000000000e+00 0.000000000000e+00 0.000000000000e+00 0.000000000000e+00 2.146703250940e-03 7.908439312780e-03 1.290856005473e-02 2.439927311370e-02 4.124828494090e-02 7.453202597241e-02 1.686954957855e-01 1.469341969030e+00 1.102220749035e+01 1.721890409463e+00 2.423628812359e-01 
-4.850276040153e+01 9.091858800111e+01 7.408180194138e+00 1.828577964154e+00 -2.150330554933e+01 -2.438788350012e+01 1.877542560782e+01 5.023029091597e+00 0.000000000000e+00 0.000000000000e+00 0.000000000000e+00 0.000000000000e+00 0.000000000000e+00 0.000000000000e+00 0.000000000000e+00 0.000000000000e+00 0.000000000000e+00 0.000000000000e+00 5.125746032067e-04 1.888661445924e-03 3.083337466367e-03 5.824850915915e-03 9.804168492955e-03 1.731292807400e-02 3.498599835475e-02 1.046688342664e-01 1.721890409463e+00 6.444514356456e+00 1.018840860684e+00 
-5.318613946230e+01 1.008856759968e+02 8.214111480560e+00 2.108461320161e+00 -2.427195697342e+01 -2.782566559798e+01 2.082302684043e+01 5.723695946513e+00 0.000000000000e+00 0.000000000000e+00 0.000000000000e+00 0.000000000000e+00 0.000000000000e+00 0.000000000000e+00 0.000000000000e+00 0.000000000000e+00 0.000000000000e+00 0.000000000000e+00 1.941241183905e-04 7.150886354597e-04 1.166687545385e-03 2.201476942207e-03 3.696439217487e-03 6.501867400279e-03 1.305680062856e-02 3.693047801763e-02 2.423628812359e-01 1.018840860684e+00 8.368236612523e+00 
