3.342482657110e+03 -6.189551869822e+03 -4.332706350465e+02 -8.793229036015e+01 1.345250385720e+03 1.475937408451e+03 -1.292511446533e+03 -2.892583516702e+02 -1.207229843224e+00 -1.382601414390e+00 1.281107115689e+00 -7.191340227031e+01 -8.414627763033e+01 -7.365930699692e+01 -7.322151443743e+01 -6.883367005786e+01 -6.542443021658e+01 -6.284486406868e+01 -6.559885489395e+01 -7.394369461578e+01 -4.850276040153e+01 -5.318613946230e+01 
-6.189551869822e+03 1.233377291785e+04 7.824161155928e+02 1.585278457818e+02 -2.672276891505e+03 -2.939363738305e+03 2.667212863043e+03 5.685820259920e+02 4.085246333063e+00 4.855248359954e+00 -3.866546215535e+00 1.374399113527e+02 1.570588882846e+02 1.351506565594e+02 1.334227381449e+02 1.252347945976e+02 1.191946740166e+02 1.149140608127e+02 1.206492762327e+02 1.372835365039e+02 9.091858800111e+01 1.008856759968e+02 
-4.332706350465e+02 7.824161155928e+02 5.925050975236e+01 1.245428269068e+01 -1.725607678571e+02 -1.902774221394e+02 1.627113143933e+02 3.775186822711e+01 5.853046648556e-02 9.373157687245e-02 6.023049381081e-03 6.346037193609e+00 8.886303074748e+00 8.600852303296e+00 9.164387965493e+00 9.074210011529e+00 8.984719933294e+00 8.924493110214e+00 9.587443767089e+00 1.110382365474e+01 7.408180194138e+00 8.214111480560e+00 
-8.793229036015e+01 1.585278457818e+02 1.245428269068e+01 2.710463610200e+00 -3.547119836008e+01 -3.932191195529e+01 3.289962248094e+01 7.881337984490e+00 -1.574911012256e-03 3.954113169162e-03 1.617557796457e-02 7.033074307256e-01 1.282624108306e+00 1.404889447717e+00 1.635588071553e+00 1.737163576495e+00 1.823422892405e+00 1.907329937548e+00 2.152187166305e+00 2.630394371021e+00 1.828577964154e+00 2.108461320161e+00 
1.345250385720e+03 -2.672276891505e+03 -1.725607678571e+02 -3.547119836008e+01 5.822611700892e+02 6.416530643218e+02 -5.765004858662e+02 -1.246842078830e+02 -8.919111583222e-01 -1.080141431138e+00 7.926833189115e-01 -2.634075545452e+01 -3.034768682600e+01 -2.721148237074e+01 -2.774591369350e+01 -2.676934630366e+01 -2.605989717669e+01 -2.563562492112e+01 -2.745469438201e+01 -3.191474567441e+01 -2.150330554933e+01 -2.427195697342e+01 
1.475937408451e+03 -2.939363738305e+03 -1.902774221394e+02 -3.932191195529e+01 6.416530643218e+02 7.077887260274e+02 -6.355766237133e+02 -1.376200226653e+02 -9.747501159768e-01 -1.191209910472e+00 8.391635767737e-01 -2.851858134523e+01 -3.212489903425e+01 -2.903040430723e+01 -2.986030932214e+01 -2.902018571430e+01 -2.847725023739e+01 -2.824041513912e+01 -3.049461019799e+01 -3.585153619358e+01 -2.438788350012e+01 -2.782566559798e+01 
-1.292511446533e+03 2.667212863043e+03 1.627113143933e+02 3.289962248094e+01 -5.765004858662e+02 -6.355766237133e+02 5.940667081037e+02 1.217219348773e+02 8.250852612889e-01 1.001442675312e+00 -7.285323803795e-01 3.757975431263e+01 3.429181310666e+01 2.867318267788e+01 2.798268538915e+01 2.610986503520e+01 2.476283579420e+01 2.381820915552e+01 2.496643738210e+01 2.837063863840e+01 1.877542560782e+01 2.082302684043e+01 
-2.892583516702e+02 5.685820259920e+02 3.775186822711e+01 7.881337984490e+00 -1.246842078830e+02 -1.376200226653e+02 1.217219348773e+02 2.693433406620e+01 1.586125469854e-01 1.876049530334e-01 -1.534365866487e-01 4.413732715415e+00 5.653609598262e+00 5.377015149566e+00 5.715392800689e+00 5.685066057566e+00 5.675121167545e+00 5.701488517760e+00 6.217872603906e+00 7.363863058336e+00 5.023029091597e+00 5.723695946513e+00 
-1.207229843224e+00 4.085246333063e+00 5.853046648556e-02 -1.574911012256e-03 -8.919111583222e-01 -9.747501159768e-01 8.250852612889e-01 1.586125469854e-01 6.881879346137e-02 9.742260825169e-02 -2.317536821453e-02 0.000000000000e+00 0.000000000000e+00 0.000000000000e+00 0.000000000000e+00 0.000000000000e+00 0.000000000000e+00 0.000000000000e+00 0.000000000000e+00 0.000000000000e+00 0.000000000000e+00 0.000000000000e+00 
-1.382601414390e+00 4.855248359954e+00 9.373157687245e-02 3.954113169162e-03 -1.080141431138e+00 -1.191209910472e+00 1.001442675312e+00 1.876049530334e-01 9.742260825169e-02 1.434987242702e-01 -1.882766262697e-02 0.000000000000e+00 0.000000000000e+00 0.000000000000e+00 0.000000000000e+00 0.000000000000e+00 0.000000000000e+00 0.000000000000e+00 0.000000000000e+00 0.000000000000e+00 0.000000000000e+00 0.000000000000e+00 
1.281107115689e+00 -3.866546215535e+00 6.023049381081e-03 1.617557796457e-02 7.926833189115e-01 8.391635767737e-01 -7.285323803795e-01 -1.534365866487e-01 -2.317536821453e-02 -1.882766262697e-02 4.405488921933e-02 0.000000000000e+00 0.000000000000e+00 0.000000000000e+00 0.000000000000e+00 0.000000000000e+00 0.000000000000e+00 0.000000000000e+00 0.000000000000e+00 0.000000000000e+00 0.000000000000e+00 0.000000000000e+00 
-7.191340227031e+01 1.374399113527e+02 6.346037193609e+00 7.033074307256e-01 -2.634075545452e+01 -2.851858134523e+01 3.757975431263e+01 4.413732715415e+00 0.000000000000e+00 0.000000000000e+00 0.000000000000e+00 2.472962692034e+01 2.584170722390e+00 2.747201218793e-01 9.271232541290e-02 3.924947148969e-02 1.833597932706e-02 8.890650350417e-03 4.825272226894e-03 2.146703250940e-03 5.125746032067e-04 1.941241183905e-04 
-8.414627763033e+01 1.570588882846e+02 8.886303074748e+00 1.282624108306e+00 -3.034768682600e+01 -3.212489903425e+01 3.429181310666e+01 5.653609598262e+00 0.000000000000e+00 0.000000000000e+00 0.000000000000e+00 2.584170722390e+00 1.687125376869e+01 2.987835932185e+00 3.945782022326e-01 1.502681744040e-01 6.845302460527e-02 3.290385194197e-02 1.778878058378e-02 7.908439312780e-03 1.888661445924e-03 7.150886354597e-04 
-7.365930699692e+01 1.351506565594e+02 8.600852303296e+00 1.404889447717e+00 -2.721148237074e+01 -2.903040430723e+01 2.867318267788e+01 5.377015149566e+00 0.000000000000e+00 0.000000000000e+00 0.000000000000e+00 2.747201218793e-01 2.987835932185e+00 1.219181415026e+01 2.512253699795e+00 3.036542745310e-01 1.185033599168e-01 5.466242127769e-02 2.912438515346e-02 1.290856005473e-02 3.083337466367e-03 1.166687545385e-03 
-7.322151443743e+01 1.334227381449e+02 9.164387965493e+00 1.635588071553e+00 -2.774591369350e+01 -2.986030932214e+01 2.798268538915e+01 5.715392800689e+00 0.000000000000e+00 0.000000000000e+00 0.000000000000e+00 9.271232541290e-02 3.945782022326e-01 2.512253699795e+00 1.161400847979e+01 2.318875640546e+00 2.824640114694e-01 1.096866754072e-01 5.565703050535e-02 2.439927311370e-02 5.824850915915e-03 2.201476942207e-03 
-6.883367005786e+01 1.252347945976e+02 9.074210011529e+00 1.737163576495e+00 -2.676934630366e+01 -2.902018571430e+01 2.610986503520e+01 5.685066057566e+00 0.000000000000e+00 0.000000000000e+00 0.000000000000e+00 3.924947148969e-02 1.502681744040e-01 3.036542745310e-01 2.318875640546e+00 1.050019105148e+01 2.043521118914e+00 2.355246126187e-01 9.821727481876e-02 4.124828494090e-02 9.804168492955e-03 3.696439217487e-03 
-6.542443021658e+01 1.191946740166e+02 8.984719933294e+00 1.823422892405e+00 -2.605989717669e+01 -2.847725023739e+01 2.476283579420e+01 5.675121167545e+00 0.000000000000e+00 0.000000000000e+00 0.000000000000e+00 1.833597932706e-02 6.845302460527e-02 1.185033599168e-01 2.824640114694e-01 2.043521118914e+00 9.860549056949e+00 1.779814050763e+00 2.111409110207e-01 7.453202597241e-02 1.731292807400e-02 6.501867400279e-03 
-6.284486406868e+01 1.149140608127e+02 8.924493110214e+00 1.907329937548e+00 -2.563562492112e+01 -2.824041513912e+01 2.381820915552e+01 5.701488517760e+00 0.000000000000e+00 0.000000000000e+00 0.000000000000e+00 8.890650350417e-03 3.290385194197e-02 5.466242127769e-02 1.096866754072e-01 2.355246126187e-01 1.779814050763e+00 9.444652257424e+00 1.605970545509e+00 1.686954957855e-01 3.498599835475e-02 1.305680062856e-02 
-6.559885489395e+01 1.206492762327e+02 9.587443767089e+00 2.152187166305e+00 -2.745469438201e+01 -3.049461019799e+01 2.496643738210e+01 6.217872603906e+00 0.000000000000e+00 0.000000000000e+00 0.000000000000e+00 4.825272226894e-03 1.778878058378e-02 2.912438515346e-02 5.565703050535e-02 9.821727481876e-02 2.111409110207e-01 1.605970545509e+00 1.000617039956e+01 1.469341969030e+00 1.046688342664e-01 3.693047801763e-02 
-7.394369461578e+01 1.372835365039e+02 1.110382365474e+01 2.630394371021e+00 -3.191474567441e+01 -3.585153619358e+01 2.837063863840e+01 7.363863058336e+00 0.000000000000e+00 0.000000000000e+00 0.000000000000e+00 2.146703250940e-03 7.908439312780e-03 1.290856005473e-02 2.439927311370e-02 4.124828494090e-02 7.453202597241e-02 1.686954957855e-01 1.469341969030e+00 1.102220749035e+01 1.721890409463e+00 2.423628812359e-01 
-4.850276040153e+01 9.091858800111e+01 7.408180194138e+00 1.828577964154e+00 -2.150330554933e+01 -2.438788350012e+01 1.877542560782e+01 5.023029091597e+00 0.000000000000e+00 0.000000000000e+00 0.000000000000e+00 5.125746032067e-04 1.888661445924e-03 3.083337466367e-03 5.824850915915e-03 9.804168492955e-03 1.731292807400e-02 3.498599835475e-02 1.046688342664e-01 1.721890409463e+00 6.444514356456e+00 1.018840860684e+00 
-5.318613946230e+01 1.008856759968e+02 8.214111480560e+00 2.108461320161e+00 -2.427195697342e+01 -2.782566559798e+01 2.082302684043e+01 5.723695946513e+00 0.000000000000e+00 0.000000000000e+00 0.000000000000e+00 1.941241183905e-04 7.150886354597e-04 1.166687545385e-03 2.201476942207e-03 3.696439217487e-03 6.501867400279e-03 1.305680062856e-02 3.693047801763e-02 2.423628812359e-01 1.018840860684e+00 8.368236612523e+00 
