2.3735013689e+06 -1.6864869548e+06 2.5889748909e+05 6.8094851330e+04 -4.2074579462e+06 3.1804670557e+05 1.2439210245e+05 1.4469477443e+04 2.5095708228e+05 2.8986007426e+05 3.3435976569e+05 3.8267861198e+05 1.8949488066e+05 3.9154790767e+01 4.6326619927e+01 5.5059056228e+01 6.5794572057e+01 3.4455513832e+01 
-1.6864869548e+06 4.7080323390e+06 6.3987269962e+04 1.5348988366e+04 1.3851564358e+05 -8.9541681395e+05 1.6344812865e+05 1.9962880775e+04 -4.0406589704e+04 -3.5388107688e+04 -2.0501558673e+04 2.4401916811e+04 6.0551033979e+04 -2.4678275750e+01 -2.7615346342e+01 -3.0585348785e+01 -3.2513663174e+01 -1.3947353720e+01 
2.5889748909e+05 6.3987269962e+04 7.2797659555e+04 1.7494317227e+04 -8.1185895400e+05 -5.3440763431e+04 5.7359187862e+04 6.7493260409e+03 5.4210332169e+04 6.0337460234e+04 6.7558213373e+04 7.6897575731e+04 4.0771441957e+04 5.6885292210e+00 6.5242093326e+00 7.5008106379e+00 8.6857908034e+00 4.5342957897e+00 
6.8094851330e+04 1.5348988366e+04 1.7494317227e+04 4.4681368711e+03 -1.7944398464e+05 -1.2523364960e+04 1.1138227257e+04 1.3570518705e+03 1.1823652831e+04 1.3873084516e+04 1.6295593252e+04 1.9423247133e+04 1.0631847499e+04 1.2301774265e+00 1.4889459746e+00 1.7989721105e+00 2.1880640940e+00 1.1838377144e+00 
-4.2074579462e+06 1.3851564358e+05 -8.1185895400e+05 -1.7944398464e+05 1.3928263697e+07 8.6801861453e+04 -8.1225632921e+05 -9.1752445753e+04 -7.6208089485e+05 -8.3749223581e+05 -9.2634365036e+05 -1.0337145093e+06 -5.2770780894e+05 -1.0217593231e+02 -1.1505924728e+02 -1.3000172979e+02 -1.4720274140e+02 -7.4451637136e+01 
3.1804670557e+05 -8.9541681395e+05 -5.3440763431e+04 -1.2523364960e+04 8.6801861453e+04 2.5454272512e+05 -6.7604822622e+04 -8.0419675571e+03 -5.8382836656e+03 -9.3084467039e+03 -1.6090279923e+04 -3.2092361362e+04 -3.0085648286e+04 5.3277810375e+00 5.8659058516e+00 6.3186646861e+00 6.3137735737e+00 2.3321433449e+00 
1.2439210245e+05 1.6344812865e+05 5.7359187862e+04 1.1138227257e+04 -8.1225632921e+05 -6.7604822622e+04 9.2699462722e+04 1.0625216516e+04 3.8975497203e+04 4.3903098885e+04 5.0765036556e+04 6.1768480714e+04 3.6014976574e+04 3.2009989125e+00 3.7906533918e+00 4.6177354365e+00 5.9251009329e+00 3.5382504075e+00 
1.4469477443e+04 1.9962880775e+04 6.7493260409e+03 1.3570518705e+03 -9.1752445753e+04 -8.0419675571e+03 1.0625216516e+04 1.4733479950e+03 1.0349892886e+03 3.0069603496e+03 5.5031970944e+03 9.2639956746e+03 6.6189536051e+03 8.5002112222e-02 2.5962505467e-01 5.0058682040e-01 8.8864269898e-01 6.5027156806e-01 
2.5095708228e+05 -4.0406589704e+04 5.4210332169e+04 1.1823652831e+04 -7.6208089485e+05 -5.8382836656e+03 3.8975497203e+04 1.0349892886e+03 2.8776662852e+05 0.0000000000e+00 0.0000000000e+00 0.0000000000e+00 0.0000000000e+00 3.4763569757e+01 0.0000000000e+00 0.0000000000e+00 0.0000000000e+00 0.0000000000e+00 
2.8986007426e+05 -3.5388107688e+04 6.0337460234e+04 1.3873084516e+04 -8.3749223581e+05 -9.3084467039e+03 4.3903098885e+04 3.0069603496e+03 0.0000000000e+00 3.0101908490e+05 0.0000000000e+00 0.0000000000e+00 0.0000000000e+00 0.0000000000e+00 3.7416723450e+01 0.0000000000e+00 0.0000000000e+00 0.0000000000e+00 
3.3435976569e+05 -2.0501558673e+04 6.7558213373e+04 1.6295593252e+04 -9.2634365036e+05 -1.6090279923e+04 5.0765036556e+04 5.5031970944e+03 0.0000000000e+00 0.0000000000e+00 3.1648068449e+05 0.0000000000e+00 0.0000000000e+00 0.0000000000e+00 0.0000000000e+00 4.0387304081e+01 0.0000000000e+00 0.0000000000e+00 
3.8267861198e+05 2.4401916811e+04 7.6897575731e+04 1.9423247133e+04 -1.0337145093e+06 -3.2092361362e+04 6.1768480714e+04 9.2639956746e+03 0.0000000000e+00 0.0000000000e+00 0.0000000000e+00 3.3418814185e+05 0.0000000000e+00 0.0000000000e+00 0.0000000000e+00 0.0000000000e+00 4.3555689420e+01 0.0000000000e+00 
1.8949488066e+05 6.0551033979e+04 4.0771441957e+04 1.0631847499e+04 -5.2770780894e+05 -3.0085648286e+04 3.6014976574e+04 6.6189536051e+03 0.0000000000e+00 0.0000000000e+00 0.0000000000e+00 0.0000000000e+00 1.6370005004e+05 0.0000000000e+00 0.0000000000e+00 0.0000000000e+00 0.0000000000e+00 2.1263214524e+01 
3.9154790767e+01 -2.4678275750e+01 5.6885292210e+00 1.2301774265e+00 -1.0217593231e+02 5.3277810375e+00 3.2009989125e+00 8.5002112222e-02 3.4763569757e+01 0.0000000000e+00 0.0000000000e+00 0.0000000000e+00 0.0000000000e+00 5.6376791840e-03 0.0000000000e+00 0.0000000000e+00 0.0000000000e+00 0.0000000000e+00 
4.6326619927e+01 -2.7615346342e+01 6.5242093326e+00 1.4889459746e+00 -1.1505924728e+02 5.8659058516e+00 3.7906533918e+00 2.5962505467e-01 0.0000000000e+00 3.7416723450e+01 0.0000000000e+00 0.0000000000e+00 0.0000000000e+00 0.0000000000e+00 6.2590546023e-03 0.0000000000e+00 0.0000000000e+00 0.0000000000e+00 
5.5059056228e+01 -3.0585348785e+01 7.5008106379e+00 1.7989721105e+00 -1.3000172979e+02 6.3186646861e+00 4.6177354365e+00 5.0058682040e-01 0.0000000000e+00 0.0000000000e+00 4.0387304081e+01 0.0000000000e+00 0.0000000000e+00 0.0000000000e+00 0.0000000000e+00 6.9788556806e-03 0.0000000000e+00 0.0000000000e+00 
6.5794572057e+01 -3.2513663174e+01 8.6857908034e+00 2.1880640940e+00 -1.4720274140e+02 6.3137735737e+00 5.9251009329e+00 8.8864269898e-01 0.0000000000e+00 0.0000000000e+00 0.0000000000e+00 4.3555689420e+01 0.0000000000e+00 0.0000000000e+00 0.0000000000e+00 0.0000000000e+00 7.8131296544e-03 0.0000000000e+00 
3.4455513832e+01 -1.3947353720e+01 4.5342957897e+00 1.1838377144e+00 -7.4451637136e+01 2.3321433449e+00 3.5382504075e+00 6.5027156806e-01 0.0000000000e+00 0.0000000000e+00 0.0000000000e+00 0.0000000000e+00 2.1263214524e+01 0.0000000000e+00 0.0000000000e+00 0.0000000000e+00 0.0000000000e+00 3.9349080629e-03 
