1.242131352703e+02 -2.376985504109e+02 -3.577581022784e+00 5.875656201208e-01 4.828560638013e+01 4.886149237638e+01 -2.685951710392e+01 -9.864232302792e+00 -1.207229843224e+00 -1.382601414390e+00 1.281107115689e+00 
-2.376985504109e+02 1.323593464484e+03 -1.204936208160e+01 -5.227490760420e+00 -2.727688054052e+02 -2.986581118023e+02 3.244212015755e+02 5.171397994121e+01 4.085246333063e+00 4.855248359954e+00 -3.866546215535e+00 
-3.577581022784e+00 -1.204936208160e+01 7.227199899584e-01 1.096150064692e-01 2.321273434445e+00 2.711625303932e+00 -4.880446416276e+00 -3.766606101402e-01 5.853046648556e-02 9.373157687245e-02 6.023049381081e-03 
5.875656201208e-01 -5.227490760420e+00 1.096150064692e-01 2.949690617363e-02 1.044774940239e+00 1.143440483548e+00 -1.377526323464e+00 -1.940911829633e-01 -1.574911012256e-03 3.954113169162e-03 1.617557796457e-02 
4.828560638013e+01 -2.727688054052e+02 2.321273434445e+00 1.044774940239e+00 5.646932696373e+01 6.199900792170e+01 -6.751149527733e+01 -1.072523559813e+01 -8.919111583222e-01 -1.080141431138e+00 7.926833189115e-01 
4.886149237638e+01 -2.986581118023e+02 2.711625303932e+00 1.143440483548e+00 6.199900792170e+01 6.834407309962e+01 -7.569635708205e+01 -1.175911534186e+01 -9.747501159768e-01 -1.191209910472e+00 8.391635767737e-01 
-2.685951710392e+01 3.244212015755e+02 -4.880446416276e+00 -1.377526323464e+00 -6.751149527733e+01 -7.569635708205e+01 9.240610638478e+01 1.260729971046e+01 8.250852612889e-01 1.001442675312e+00 -7.285323803795e-01 
-9.864232302792e+00 5.171397994121e+01 -3.766606101402e-01 -1.940911829633e-01 -1.072523559813e+01 -1.175911534186e+01 1.260729971046e+01 2.055992806566e+00 1.586125469854e-01 1.876049530334e-01 -1.534365866487e-01 
-1.207229843224e+00 4.085246333063e+00 5.853046648556e-02 -1.574911012256e-03 -8.919111583222e-01 -9.747501159768e-01 8.250852612889e-01 1.586125469854e-01 6.881879346137e-02 9.742260825169e-02 -2.317536821453e-02 
-1.382601414390e+00 4.855248359954e+00 9.373157687245e-02 3.954113169162e-03 -1.080141431138e+00 -1.191209910472e+00 1.001442675312e+00 1.876049530334e-01 9.742260825169e-02 1.434987242702e-01 -1.882766262697e-02 
1.281107115689e+00 -3.866546215535e+00 6.023049381081e-03 1.617557796457e-02 7.926833189115e-01 8.391635767737e-01 -7.285323803795e-01 -1.534365866487e-01 -2.317536821453e-02 -1.882766262697e-02 4.405488921933e-02 
