2.373625582035e+06 -1.686724653350e+06 2.588939115090e+05 6.809543889562e+04 -4.207409660594e+06 3.180955670624e+05 1.243652429329e+05 1.445961321070e+04 2.509570822800e+05 2.898600742600e+05 3.343597656900e+05 3.826786119800e+05 1.894948806600e+05 3.915479076700e+01 4.632661992700e+01 5.505905622800e+01 6.579457205700e+01 3.445551383200e+01 -1.207229843224e+00 -1.382601414390e+00 1.281107115689e+00 
-1.686724653350e+06 4.709355932464e+06 6.397522059992e+04 1.534376087524e+04 1.382428747746e+05 -8.957154720618e+05 1.637725498516e+05 2.001459475494e+04 -4.040658970400e+04 -3.538810768800e+04 -2.050155867300e+04 2.440191681100e+04 6.055103397900e+04 -2.467827575000e+01 -2.761534634200e+01 -3.058534878500e+01 -3.251366317400e+01 -1.394735372000e+01 4.085246333063e+00 4.855248359954e+00 -3.866546215535e+00 
2.588939115090e+05 6.397522059992e+04 7.279838227499e+04 1.749442684201e+04 -8.118566327266e+05 -5.343805180570e+04 5.735430741558e+04 6.748949380290e+03 5.421033216900e+04 6.033746023400e+04 6.755821337300e+04 7.689757573100e+04 4.077144195700e+04 5.688529221000e+00 6.524209332600e+00 7.500810637900e+00 8.685790803400e+00 4.534295789700e+00 5.853046648556e-02 9.373157687245e-02 6.023049381081e-03 
6.809543889562e+04 1.534376087524e+04 1.749442684201e+04 4.468166368006e+03 -1.794429398651e+05 -1.252222151952e+04 1.113684973068e+04 1.356857779317e+03 1.182365283100e+04 1.387308451600e+04 1.629559325200e+04 1.942324713300e+04 1.063184749900e+04 1.230177426500e+00 1.488945974600e+00 1.798972110500e+00 2.188064094000e+00 1.183837714400e+00 -1.574911012256e-03 3.954113169162e-03 1.617557796457e-02 
-4.207409660594e+06 1.382428747746e+05 -8.118566327266e+05 -1.794429398651e+05 1.392832016633e+07 8.686386046092e+04 -8.123238407053e+05 -9.176317098860e+04 -7.620808948500e+05 -8.374922358100e+05 -9.263436503600e+05 -1.033714509300e+06 -5.277078089400e+05 -1.021759323100e+02 -1.150592472800e+02 -1.300017297900e+02 -1.472027414000e+02 -7.445163713600e+01 -8.919111583222e-01 -1.080141431138e+00 7.926833189115e-01 
3.180955670624e+05 -8.957154720618e+05 -5.343805180570e+04 -1.252222151952e+04 8.686386046092e+04 2.546110691931e+05 -6.768051897908e+04 -8.053726672442e+03 -5.838283665600e+03 -9.308446703900e+03 -1.609027992300e+04 -3.209236136200e+04 -3.008564828600e+04 5.327781037500e+00 5.865905851600e+00 6.318664686100e+00 6.313773573700e+00 2.332143344900e+00 -9.747501159768e-01 -1.191209910472e+00 8.391635767737e-01 
1.243652429329e+05 1.637725498516e+05 5.735430741558e+04 1.113684973068e+04 -8.123238407053e+05 -6.768051897908e+04 9.279186882838e+04 1.063782381571e+04 3.897549720300e+04 4.390309888500e+04 5.076503655600e+04 6.176848071400e+04 3.601497657400e+04 3.200998912500e+00 3.790653391800e+00 4.617735436500e+00 5.925100932900e+00 3.538250407500e+00 8.250852612889e-01 1.001442675312e+00 -7.285323803795e-01 
1.445961321070e+04 2.001459475494e+04 6.748949380290e+03 1.356857779317e+03 -9.176317098860e+04 -8.053726672442e+03 1.063782381571e+04 1.475403987807e+03 1.034989288600e+03 3.006960349600e+03 5.503197094400e+03 9.263995674600e+03 6.618953605100e+03 8.500211222200e-02 2.596250546700e-01 5.005868204000e-01 8.886426989800e-01 6.502715680600e-01 1.586125469854e-01 1.876049530334e-01 -1.534365866487e-01 
2.509570822800e+05 -4.040658970400e+04 5.421033216900e+04 1.182365283100e+04 -7.620808948500e+05 -5.838283665600e+03 3.897549720300e+04 1.034989288600e+03 2.877666285200e+05 0.000000000000e+00 0.000000000000e+00 0.000000000000e+00 0.000000000000e+00 3.476356975700e+01 0.000000000000e+00 0.000000000000e+00 0.000000000000e+00 0.000000000000e+00 0.000000000000e+00 0.000000000000e+00 0.000000000000e+00 
2.898600742600e+05 -3.538810768800e+04 6.033746023400e+04 1.387308451600e+04 -8.374922358100e+05 -9.308446703900e+03 4.390309888500e+04 3.006960349600e+03 0.000000000000e+00 3.010190849000e+05 0.000000000000e+00 0.000000000000e+00 0.000000000000e+00 0.000000000000e+00 3.741672345000e+01 0.000000000000e+00 0.000000000000e+00 0.000000000000e+00 0.000000000000e+00 0.000000000000e+00 0.000000000000e+00 
3.343597656900e+05 -2.050155867300e+04 6.755821337300e+04 1.629559325200e+04 -9.263436503600e+05 -1.609027992300e+04 5.076503655600e+04 5.503197094400e+03 0.000000000000e+00 0.000000000000e+00 3.164806844900e+05 0.000000000000e+00 0.000000000000e+00 0.000000000000e+00 0.000000000000e+00 4.038730408100e+01 0.000000000000e+00 0.000000000000e+00 0.000000000000e+00 0.000000000000e+00 0.000000000000e+00 
3.826786119800e+05 2.440191681100e+04 7.689757573100e+04 1.942324713300e+04 -1.033714509300e+06 -3.209236136200e+04 6.176848071400e+04 9.263995674600e+03 0.000000000000e+00 0.000000000000e+00 0.000000000000e+00 3.341881418500e+05 0.000000000000e+00 0.000000000000e+00 0.000000000000e+00 0.000000000000e+00 4.355568942000e+01 0.000000000000e+00 0.000000000000e+00 0.000000000000e+00 0.000000000000e+00 
1.894948806600e+05 6.055103397900e+04 4.077144195700e+04 1.063184749900e+04 -5.277078089400e+05 -3.008564828600e+04 3.601497657400e+04 6.618953605100e+03 0.000000000000e+00 0.000000000000e+00 0.000000000000e+00 0.000000000000e+00 1.637000500400e+05 0.000000000000e+00 0.000000000000e+00 0.000000000000e+00 0.000000000000e+00 2.126321452400e+01 0.000000000000e+00 0.000000000000e+00 0.000000000000e+00 
3.915479076700e+01 -2.467827575000e+01 5.688529221000e+00 1.230177426500e+00 -1.021759323100e+02 5.327781037500e+00 3.200998912500e+00 8.500211222200e-02 3.476356975700e+01 0.000000000000e+00 0.000000000000e+00 0.000000000000e+00 0.000000000000e+00 5.637679184000e-03 0.000000000000e+00 0.000000000000e+00 0.000000000000e+00 0.000000000000e+00 0.000000000000e+00 0.000000000000e+00 0.000000000000e+00 
4.632661992700e+01 -2.761534634200e+01 6.524209332600e+00 1.488945974600e+00 -1.150592472800e+02 5.865905851600e+00 3.790653391800e+00 2.596250546700e-01 0.000000000000e+00 3.741672345000e+01 0.000000000000e+00 0.000000000000e+00 0.000000000000e+00 0.000000000000e+00 6.259054602300e-03 0.000000000000e+00 0.000000000000e+00 0.000000000000e+00 0.000000000000e+00 0.000000000000e+00 0.000000000000e+00 
5.505905622800e+01 -3.058534878500e+01 7.500810637900e+00 1.798972110500e+00 -1.300017297900e+02 6.318664686100e+00 4.617735436500e+00 5.005868204000e-01 0.000000000000e+00 0.000000000000e+00 4.038730408100e+01 0.000000000000e+00 0.000000000000e+00 0.000000000000e+00 0.000000000000e+00 6.978855680600e-03 0.000000000000e+00 0.000000000000e+00 0.000000000000e+00 0.000000000000e+00 0.000000000000e+00 
6.579457205700e+01 -3.251366317400e+01 8.685790803400e+00 2.188064094000e+00 -1.472027414000e+02 6.313773573700e+00 5.925100932900e+00 8.886426989800e-01 0.000000000000e+00 0.000000000000e+00 0.000000000000e+00 4.355568942000e+01 0.000000000000e+00 0.000000000000e+00 0.000000000000e+00 0.000000000000e+00 7.813129654400e-03 0.000000000000e+00 0.000000000000e+00 0.000000000000e+00 0.000000000000e+00 
3.445551383200e+01 -1.394735372000e+01 4.534295789700e+00 1.183837714400e+00 -7.445163713600e+01 2.332143344900e+00 3.538250407500e+00 6.502715680600e-01 0.000000000000e+00 0.000000000000e+00 0.000000000000e+00 0.000000000000e+00 2.126321452400e+01 0.000000000000e+00 0.000000000000e+00 0.000000000000e+00 0.000000000000e+00 3.934908062900e-03 0.000000000000e+00 0.000000000000e+00 0.000000000000e+00 
-1.207229843224e+00 4.085246333063e+00 5.853046648556e-02 -1.574911012256e-03 -8.919111583222e-01 -9.747501159768e-01 8.250852612889e-01 1.586125469854e-01 0.000000000000e+00 0.000000000000e+00 0.000000000000e+00 0.000000000000e+00 0.000000000000e+00 0.000000000000e+00 0.000000000000e+00 0.000000000000e+00 0.000000000000e+00 0.000000000000e+00 6.881879346137e-02 9.742260825169e-02 -2.317536821453e-02 
-1.382601414390e+00 4.855248359954e+00 9.373157687245e-02 3.954113169162e-03 -1.080141431138e+00 -1.191209910472e+00 1.001442675312e+00 1.876049530334e-01 0.000000000000e+00 0.000000000000e+00 0.000000000000e+00 0.000000000000e+00 0.000000000000e+00 0.000000000000e+00 0.000000000000e+00 0.000000000000e+00 0.000000000000e+00 0.000000000000e+00 9.742260825169e-02 1.434987242702e-01 -1.882766262697e-02 
1.281107115689e+00 -3.866546215535e+00 6.023049381081e-03 1.617557796457e-02 7.926833189115e-01 8.391635767737e-01 -7.285323803795e-01 -1.534365866487e-01 0.000000000000e+00 0.000000000000e+00 0.000000000000e+00 0.000000000000e+00 0.000000000000e+00 0.000000000000e+00 0.000000000000e+00 0.000000000000e+00 0.000000000000e+00 0.000000000000e+00 -2.317536821453e-02 -1.882766262697e-02 4.405488921933e-02 
