8.428809031451e+06 -3.396396987650e+06 -3.000793938045e+05 -3.050285880430e+04 -3.809930276767e+06 7.944769630740e+05 2.458347368993e+06 2.023073084793e+05 2.509570822800e+05 2.898600742600e+05 3.343597656900e+05 3.826786119800e+05 1.894948806600e+05 3.915479076700e+01 4.632661992700e+01 5.505905622800e+01 6.579457205700e+01 3.445551383200e+01 1.114102497890e+04 1.957072535691e+04 6.154744122106e+03 -6.372941694493e+05 -1.711231928643e+05 -7.963707616011e+04 -4.337456100795e+04 -2.084462328188e+04 -9.211508709453e+03 -2.985442657210e+03 -1.091945844655e+03 -4.733378476155e+03 -9.321549039365e+03 -1.805938439604e+04 
-3.396396987650e+06 7.574152333669e+06 1.006290839606e+05 2.982103451282e+04 -4.049224093307e+05 -1.382405602800e+06 -5.524134495814e+05 6.116750712670e+03 -4.040658970400e+04 -3.538810768800e+04 -2.050155867300e+04 2.440191681100e+04 6.055103397900e+04 -2.467827575000e+01 -2.761534634200e+01 -3.058534878500e+01 -3.251366317400e+01 -1.394735372000e+01 8.181641238529e+02 1.094905355065e+03 -4.584081897443e+02 -7.583974953907e+04 -7.209447064207e+04 -4.684383602284e+04 -3.504849559839e+04 -2.155542877710e+04 -1.051325570053e+04 2.414818526697e+03 1.795518080722e+04 3.951501459621e+04 4.825491926277e+04 6.725068596494e+04 
-3.000793938045e+05 1.006290839606e+05 4.081803878315e+05 8.838618666705e+04 -8.471055488817e+05 -2.299016608688e+05 1.128221673096e+06 2.202636812898e+05 5.421033216900e+04 6.033746023400e+04 6.755821337300e+04 7.689757573100e+04 4.077144195700e+04 5.688529221000e+00 6.524209332600e+00 7.500810637900e+00 8.685790803400e+00 4.534295789700e+00 1.347180941251e+01 7.210747629346e+01 1.200620281548e+02 1.643766178513e+05 1.156925886601e+05 8.536468026296e+04 7.474872553264e+04 6.429349291264e+04 5.781058713534e+04 5.356044080173e+04 5.626360637063e+04 6.372839716152e+04 3.740858045944e+04 3.700220705139e+04 
-3.050285880430e+04 2.982103451282e+04 8.838618666705e+04 2.019312944860e+04 -1.885579504198e+05 -5.261262659575e+04 2.396285483207e+05 4.955770277034e+04 1.182365283100e+04 1.387308451600e+04 1.629559325200e+04 1.942324713300e+04 1.063184749900e+04 1.230177426500e+00 1.488945974600e+00 1.798972110500e+00 2.188064094000e+00 1.183837714400e+00 5.902215494440e+01 1.128638165236e+02 5.253990495163e+01 2.188761894283e+04 1.976418003479e+04 1.656685242103e+04 1.563960818609e+04 1.426120878486e+04 1.340859291008e+04 1.289079247458e+04 1.400522661258e+04 1.644879809563e+04 9.963028694726e+03 1.012753942185e+04 
-3.809930276767e+06 -4.049224093307e+05 -8.471055488817e+05 -1.885579504198e+05 1.404495604907e+07 2.147341017831e+05 -7.453523650210e+05 -1.101291629756e+05 -7.620808948500e+05 -8.374922358100e+05 -9.263436503600e+05 -1.033714509300e+06 -5.277078089400e+05 -1.021759323100e+02 -1.150592472800e+02 -1.300017297900e+02 -1.472027414000e+02 -7.445163713600e+01 -2.365066921620e+02 -3.098538155986e+02 1.484113065846e+02 1.123619385536e+04 8.815620050521e+03 4.026048413015e+03 1.478498972997e+03 -1.086479310410e+03 -3.347402101125e+03 -6.067223633164e+03 -9.648164498776e+03 -1.615810791080e+04 -1.436502241512e+04 -1.828653491569e+04 
7.944769630740e+05 -1.382405602800e+06 -2.299016608688e+05 -5.261262659575e+04 2.147341017831e+05 4.913759260773e+05 -5.959127005687e+05 -1.529398645841e+05 -5.838283665600e+03 -9.308446703900e+03 -1.609027992300e+04 -3.209236136200e+04 -3.008564828600e+04 5.327781037500e+00 5.865905851600e+00 6.318664686100e+00 6.313773573700e+00 2.332143344900e+00 -4.711418196768e+02 -6.120298600358e+02 3.041486056101e+02 -1.886230932366e+04 -3.172733630529e+04 -3.302671012822e+04 -3.537828733504e+04 -3.561733488500e+04 -3.636025992433e+04 -3.758741444786e+04 -4.322461734173e+04 -5.329816837692e+04 -3.447322326601e+04 -3.681952703308e+04 
2.458347368993e+06 -5.524134495814e+05 1.128221673096e+06 2.396285483207e+05 -7.453523650210e+05 -5.959127005687e+05 7.672425225537e+06 1.224437711794e+06 3.897549720300e+04 4.390309888500e+04 5.076503655600e+04 6.176848071400e+04 3.601497657400e+04 3.200998912500e+00 3.790653391800e+00 4.617735436500e+00 5.925100932900e+00 3.538250407500e+00 -7.045973519550e+02 -1.175276205816e+02 2.508037597197e+03 5.557469185495e+05 4.458358467086e+05 3.207151730229e+05 2.873094906072e+05 2.537549399531e+05 2.336931008414e+05 2.218677933056e+05 2.364698805104e+05 2.684657811549e+05 1.576520682932e+05 1.520251479066e+05 
2.023073084793e+05 6.116750712670e+03 2.202636812898e+05 4.955770277034e+04 -1.101291629756e+05 -1.529398645841e+05 1.224437711794e+06 2.312982762095e+05 1.034989288600e+03 3.006960349600e+03 5.503197094400e+03 9.263995674600e+03 6.618953605100e+03 8.500211222200e-02 2.596250546700e-01 5.005868204000e-01 8.886426989800e-01 6.502715680600e-01 -1.073144180141e+03 -1.708039899397e+03 -1.337416498308e+02 5.147763059088e+04 5.614804859088e+04 4.960317444878e+04 5.040419434354e+04 4.911524279522e+04 4.892619955037e+04 4.954467938262e+04 5.596557285239e+04 6.741304588005e+04 4.138747290807e+04 4.131841145393e+04 
2.509570822800e+05 -4.040658970400e+04 5.421033216900e+04 1.182365283100e+04 -7.620808948500e+05 -5.838283665600e+03 3.897549720300e+04 1.034989288600e+03 2.877666285200e+05 0.000000000000e+00 0.000000000000e+00 0.000000000000e+00 0.000000000000e+00 3.476356975700e+01 0.000000000000e+00 0.000000000000e+00 0.000000000000e+00 0.000000000000e+00 0.000000000000e+00 0.000000000000e+00 0.000000000000e+00 0.000000000000e+00 0.000000000000e+00 0.000000000000e+00 0.000000000000e+00 0.000000000000e+00 0.000000000000e+00 0.000000000000e+00 0.000000000000e+00 0.000000000000e+00 0.000000000000e+00 0.000000000000e+00 
2.898600742600e+05 -3.538810768800e+04 6.033746023400e+04 1.387308451600e+04 -8.374922358100e+05 -9.308446703900e+03 4.390309888500e+04 3.006960349600e+03 0.000000000000e+00 3.010190849000e+05 0.000000000000e+00 0.000000000000e+00 0.000000000000e+00 0.000000000000e+00 3.741672345000e+01 0.000000000000e+00 0.000000000000e+00 0.000000000000e+00 0.000000000000e+00 0.000000000000e+00 0.000000000000e+00 0.000000000000e+00 0.000000000000e+00 0.000000000000e+00 0.000000000000e+00 0.000000000000e+00 0.000000000000e+00 0.000000000000e+00 0.000000000000e+00 0.000000000000e+00 0.000000000000e+00 0.000000000000e+00 
3.343597656900e+05 -2.050155867300e+04 6.755821337300e+04 1.629559325200e+04 -9.263436503600e+05 -1.609027992300e+04 5.076503655600e+04 5.503197094400e+03 0.000000000000e+00 0.000000000000e+00 3.164806844900e+05 0.000000000000e+00 0.000000000000e+00 0.000000000000e+00 0.000000000000e+00 4.038730408100e+01 0.000000000000e+00 0.000000000000e+00 0.000000000000e+00 0.000000000000e+00 0.000000000000e+00 0.000000000000e+00 0.000000000000e+00 0.000000000000e+00 0.000000000000e+00 0.000000000000e+00 0.000000000000e+00 0.000000000000e+00 0.000000000000e+00 0.000000000000e+00 0.000000000000e+00 0.000000000000e+00 
3.826786119800e+05 2.440191681100e+04 7.689757573100e+04 1.942324713300e+04 -1.033714509300e+06 -3.209236136200e+04 6.176848071400e+04 9.263995674600e+03 0.000000000000e+00 0.000000000000e+00 0.000000000000e+00 3.341881418500e+05 0.000000000000e+00 0.000000000000e+00 0.000000000000e+00 0.000000000000e+00 4.355568942000e+01 0.000000000000e+00 0.000000000000e+00 0.000000000000e+00 0.000000000000e+00 0.000000000000e+00 0.000000000000e+00 0.000000000000e+00 0.000000000000e+00 0.000000000000e+00 0.000000000000e+00 0.000000000000e+00 0.000000000000e+00 0.000000000000e+00 0.000000000000e+00 0.000000000000e+00 
1.894948806600e+05 6.055103397900e+04 4.077144195700e+04 1.063184749900e+04 -5.277078089400e+05 -3.008564828600e+04 3.601497657400e+04 6.618953605100e+03 0.000000000000e+00 0.000000000000e+00 0.000000000000e+00 0.000000000000e+00 1.637000500400e+05 0.000000000000e+00 0.000000000000e+00 0.000000000000e+00 0.000000000000e+00 2.126321452400e+01 0.000000000000e+00 0.000000000000e+00 0.000000000000e+00 0.000000000000e+00 0.000000000000e+00 0.000000000000e+00 0.000000000000e+00 0.000000000000e+00 0.000000000000e+00 0.000000000000e+00 0.000000000000e+00 0.000000000000e+00 0.000000000000e+00 0.000000000000e+00 
3.915479076700e+01 -2.467827575000e+01 5.688529221000e+00 1.230177426500e+00 -1.021759323100e+02 5.327781037500e+00 3.200998912500e+00 8.500211222200e-02 3.476356975700e+01 0.000000000000e+00 0.000000000000e+00 0.000000000000e+00 0.000000000000e+00 5.637679184000e-03 0.000000000000e+00 0.000000000000e+00 0.000000000000e+00 0.000000000000e+00 0.000000000000e+00 0.000000000000e+00 0.000000000000e+00 0.000000000000e+00 0.000000000000e+00 0.000000000000e+00 0.000000000000e+00 0.000000000000e+00 0.000000000000e+00 0.000000000000e+00 0.000000000000e+00 0.000000000000e+00 0.000000000000e+00 0.000000000000e+00 
4.632661992700e+01 -2.761534634200e+01 6.524209332600e+00 1.488945974600e+00 -1.150592472800e+02 5.865905851600e+00 3.790653391800e+00 2.596250546700e-01 0.000000000000e+00 3.741672345000e+01 0.000000000000e+00 0.000000000000e+00 0.000000000000e+00 0.000000000000e+00 6.259054602300e-03 0.000000000000e+00 0.000000000000e+00 0.000000000000e+00 0.000000000000e+00 0.000000000000e+00 0.000000000000e+00 0.000000000000e+00 0.000000000000e+00 0.000000000000e+00 0.000000000000e+00 0.000000000000e+00 0.000000000000e+00 0.000000000000e+00 0.000000000000e+00 0.000000000000e+00 0.000000000000e+00 0.000000000000e+00 
5.505905622800e+01 -3.058534878500e+01 7.500810637900e+00 1.798972110500e+00 -1.300017297900e+02 6.318664686100e+00 4.617735436500e+00 5.005868204000e-01 0.000000000000e+00 0.000000000000e+00 4.038730408100e+01 0.000000000000e+00 0.000000000000e+00 0.000000000000e+00 0.000000000000e+00 6.978855680600e-03 0.000000000000e+00 0.000000000000e+00 0.000000000000e+00 0.000000000000e+00 0.000000000000e+00 0.000000000000e+00 0.000000000000e+00 0.000000000000e+00 0.000000000000e+00 0.000000000000e+00 0.000000000000e+00 0.000000000000e+00 0.000000000000e+00 0.000000000000e+00 0.000000000000e+00 0.000000000000e+00 
6.579457205700e+01 -3.251366317400e+01 8.685790803400e+00 2.188064094000e+00 -1.472027414000e+02 6.313773573700e+00 5.925100932900e+00 8.886426989800e-01 0.000000000000e+00 0.000000000000e+00 0.000000000000e+00 4.355568942000e+01 0.000000000000e+00 0.000000000000e+00 0.000000000000e+00 0.000000000000e+00 7.813129654400e-03 0.000000000000e+00 0.000000000000e+00 0.000000000000e+00 0.000000000000e+00 0.000000000000e+00 0.000000000000e+00 0.000000000000e+00 0.000000000000e+00 0.000000000000e+00 0.000000000000e+00 0.000000000000e+00 0.000000000000e+00 0.000000000000e+00 0.000000000000e+00 0.000000000000e+00 
3.445551383200e+01 -1.394735372000e+01 4.534295789700e+00 1.183837714400e+00 -7.445163713600e+01 2.332143344900e+00 3.538250407500e+00 6.502715680600e-01 0.000000000000e+00 0.000000000000e+00 0.000000000000e+00 0.000000000000e+00 2.126321452400e+01 0.000000000000e+00 0.000000000000e+00 0.000000000000e+00 0.000000000000e+00 3.934908062900e-03 0.000000000000e+00 0.000000000000e+00 0.000000000000e+00 0.000000000000e+00 0.000000000000e+00 0.000000000000e+00 0.000000000000e+00 0.000000000000e+00 0.000000000000e+00 0.000000000000e+00 0.000000000000e+00 0.000000000000e+00 0.000000000000e+00 0.000000000000e+00 
1.114102497890e+04 8.181641238529e+02 1.347180941251e+01 5.902215494440e+01 -2.365066921620e+02 -4.711418196768e+02 -7.045973519550e+02 -1.073144180141e+03 0.000000000000e+00 0.000000000000e+00 0.000000000000e+00 0.000000000000e+00 0.000000000000e+00 0.000000000000e+00 0.000000000000e+00 0.000000000000e+00 0.000000000000e+00 0.000000000000e+00 2.120912434480e+03 3.522777627551e+03 6.422174311364e+02 -6.629337025518e+00 -6.879922723798e+01 -7.666529651554e+01 -1.287796934271e+02 -8.837356527778e+01 -4.216968070581e+01 -3.558734235634e+01 -4.429155855546e+01 -2.576386934888e+02 -2.374299908750e+02 -2.558918153117e+02 
1.957072535691e+04 1.094905355065e+03 7.210747629346e+01 1.128638165236e+02 -3.098538155986e+02 -6.120298600358e+02 -1.175276205816e+02 -1.708039899397e+03 0.000000000000e+00 0.000000000000e+00 0.000000000000e+00 0.000000000000e+00 0.000000000000e+00 0.000000000000e+00 0.000000000000e+00 0.000000000000e+00 0.000000000000e+00 0.000000000000e+00 3.522777627551e+03 5.963996709951e+03 1.346526297721e+03 -2.351146006879e+00 -5.012814006090e+01 -6.421903643790e+01 -1.212113986984e+02 -9.291075273118e+01 -4.799195056901e+01 -4.597214838093e+01 -6.469359384617e+01 -4.065899276355e+02 -4.017311768748e+02 -4.755901655472e+02 
6.154744122106e+03 -4.584081897443e+02 1.200620281548e+02 5.253990495163e+01 1.484113065846e+02 3.041486056101e+02 2.508037597197e+03 -1.337416498308e+02 0.000000000000e+00 0.000000000000e+00 0.000000000000e+00 0.000000000000e+00 0.000000000000e+00 0.000000000000e+00 0.000000000000e+00 0.000000000000e+00 0.000000000000e+00 0.000000000000e+00 6.422174311364e+02 1.346526297721e+03 9.100456673995e+02 2.249205489647e+01 1.636416544159e+02 1.378025254514e+02 1.673952512088e+02 1.059613293737e+02 5.144625526951e+01 2.612401554873e+01 1.548113239439e+01 -3.371334927434e+01 -1.087318287743e+02 -1.949988129043e+02 
-6.372941694493e+05 -7.583974953907e+04 1.643766178513e+05 2.188761894283e+04 1.123619385536e+04 -1.886230932366e+04 5.557469185495e+05 5.147763059088e+04 0.000000000000e+00 0.000000000000e+00 0.000000000000e+00 0.000000000000e+00 0.000000000000e+00 0.000000000000e+00 0.000000000000e+00 0.000000000000e+00 0.000000000000e+00 0.000000000000e+00 -6.629337025518e+00 -2.351146006879e+00 2.249205489647e+01 5.040397535831e+05 4.334336559999e+04 6.951296139506e+02 5.489971464784e+02 6.644067464347e+00 4.455555647601e+01 4.208250156606e+00 3.455097084599e+00 5.448880575434e-01 2.514737336119e-01 6.848393881396e-01 
-1.711231928643e+05 -7.209447064207e+04 1.156925886601e+05 1.976418003479e+04 8.815620050521e+03 -3.172733630529e+04 4.458358467086e+05 5.614804859088e+04 0.000000000000e+00 0.000000000000e+00 0.000000000000e+00 0.000000000000e+00 0.000000000000e+00 0.000000000000e+00 0.000000000000e+00 0.000000000000e+00 0.000000000000e+00 0.000000000000e+00 -6.879922723798e+01 -5.012814006090e+01 1.636416544159e+02 4.334336559999e+04 2.453529052620e+05 3.300811185549e+04 1.448342063348e+02 6.987901754452e+02 -1.651115616876e+01 2.149487776755e+01 5.628027301158e+00 5.755263714067e-01 2.383537837837e-01 3.471220965426e-01 
-7.963707616011e+04 -4.684383602284e+04 8.536468026296e+04 1.656685242103e+04 4.026048413015e+03 -3.302671012822e+04 3.207151730229e+05 4.960317444878e+04 0.000000000000e+00 0.000000000000e+00 0.000000000000e+00 0.000000000000e+00 0.000000000000e+00 0.000000000000e+00 0.000000000000e+00 0.000000000000e+00 0.000000000000e+00 0.000000000000e+00 -7.666529651554e+01 -6.421903643790e+01 1.378025254514e+02 6.951296139506e+02 3.300811185549e+04 1.535809361930e+05 3.336940505566e+04 -1.874704161915e+02 5.464418548259e+02 2.994530911392e+01 3.438468073119e+00 4.143871637153e+00 -1.907210325543e-01 2.516643719944e-01 
-4.337456100795e+04 -3.504849559839e+04 7.474872553264e+04 1.563960818609e+04 1.478498972997e+03 -3.537828733504e+04 2.873094906072e+05 5.040419434354e+04 0.000000000000e+00 0.000000000000e+00 0.000000000000e+00 0.000000000000e+00 0.000000000000e+00 0.000000000000e+00 0.000000000000e+00 0.000000000000e+00 0.000000000000e+00 0.000000000000e+00 -1.287796934271e+02 -1.212113986984e+02 1.673952512088e+02 5.489971464784e+02 1.448342063348e+02 3.336940505566e+04 1.235119286929e+05 2.998488158754e+04 1.687203933632e+02 4.290802762835e+02 4.959122797627e+01 8.566621157711e+00 2.285530729490e+00 3.632263914350e-01 
-2.084462328188e+04 -2.155542877710e+04 6.429349291264e+04 1.426120878486e+04 -1.086479310410e+03 -3.561733488500e+04 2.537549399531e+05 4.911524279522e+04 0.000000000000e+00 0.000000000000e+00 0.000000000000e+00 0.000000000000e+00 0.000000000000e+00 0.000000000000e+00 0.000000000000e+00 0.000000000000e+00 0.000000000000e+00 0.000000000000e+00 -8.837356527778e+01 -9.291075273118e+01 1.059613293737e+02 6.644067464347e+00 6.987901754452e+02 -1.874704161915e+02 2.998488158754e+04 9.990946117265e+04 2.711923979144e+04 4.993302191190e+02 3.490913615433e+02 5.052521455139e+01 2.738422008528e+00 1.927768802165e+00 
-9.211508709453e+03 -1.051325570053e+04 5.781058713534e+04 1.340859291008e+04 -3.347402101125e+03 -3.636025992433e+04 2.336931008414e+05 4.892619955037e+04 0.000000000000e+00 0.000000000000e+00 0.000000000000e+00 0.000000000000e+00 0.000000000000e+00 0.000000000000e+00 0.000000000000e+00 0.000000000000e+00 0.000000000000e+00 0.000000000000e+00 -4.216968070581e+01 -4.799195056901e+01 5.144625526951e+01 4.455555647601e+01 -1.651115616876e+01 5.464418548259e+02 1.687203933632e+02 2.711923979144e+04 8.666982638399e+04 2.387872150062e+04 7.860968432561e+02 2.446607907330e+02 1.938899566735e+01 5.873226012280e+00 
-2.985442657210e+03 2.414818526697e+03 5.356044080173e+04 1.289079247458e+04 -6.067223633164e+03 -3.758741444786e+04 2.218677933056e+05 4.954467938262e+04 0.000000000000e+00 0.000000000000e+00 0.000000000000e+00 0.000000000000e+00 0.000000000000e+00 0.000000000000e+00 0.000000000000e+00 0.000000000000e+00 0.000000000000e+00 0.000000000000e+00 -3.558734235634e+01 -4.597214838093e+01 2.612401554873e+01 4.208250156606e+00 2.149487776755e+01 2.994530911392e+01 4.290802762835e+02 4.993302191190e+02 2.387872150062e+04 8.044778224024e+04 2.025732421645e+04 7.234662897066e+02 6.131731628733e+01 1.771334864084e+01 
-1.091945844655e+03 1.795518080722e+04 5.626360637063e+04 1.400522661258e+04 -9.648164498776e+03 -4.322461734173e+04 2.364698805104e+05 5.596557285239e+04 0.000000000000e+00 0.000000000000e+00 0.000000000000e+00 0.000000000000e+00 0.000000000000e+00 0.000000000000e+00 0.000000000000e+00 0.000000000000e+00 0.000000000000e+00 0.000000000000e+00 -4.429155855546e+01 -6.469359384617e+01 1.548113239439e+01 3.455097084599e+00 5.628027301158e+00 3.438468073119e+00 4.959122797627e+01 3.490913615433e+02 7.860968432561e+02 2.025732421645e+04 8.978094306115e+04 1.666040074188e+04 3.324714203903e+02 8.673147988170e+01 
-4.733378476155e+03 3.951501459621e+04 6.372839716152e+04 1.644879809563e+04 -1.615810791080e+04 -5.329816837692e+04 2.684657811549e+05 6.741304588005e+04 0.000000000000e+00 0.000000000000e+00 0.000000000000e+00 0.000000000000e+00 0.000000000000e+00 0.000000000000e+00 0.000000000000e+00 0.000000000000e+00 0.000000000000e+00 0.000000000000e+00 -2.576386934888e+02 -4.065899276355e+02 -3.371334927434e+01 5.448880575434e-01 5.755263714067e-01 4.143871637153e+00 8.566621157711e+00 5.052521455139e+01 2.446607907330e+02 7.234662897066e+02 1.666040074188e+04 1.040708780076e+05 1.526479331815e+04 1.072257525933e+03 
-9.321549039365e+03 4.825491926277e+04 3.740858045944e+04 9.963028694726e+03 -1.436502241512e+04 -3.447322326601e+04 1.576520682932e+05 4.138747290807e+04 0.000000000000e+00 0.000000000000e+00 0.000000000000e+00 0.000000000000e+00 0.000000000000e+00 0.000000000000e+00 0.000000000000e+00 0.000000000000e+00 0.000000000000e+00 0.000000000000e+00 -2.374299908750e+02 -4.017311768748e+02 -1.087318287743e+02 2.514737336119e-01 2.383537837837e-01 -1.907210325543e-01 2.285530729490e+00 2.738422008528e+00 1.938899566735e+01 6.131731628733e+01 3.324714203903e+02 1.526479331815e+04 5.222356088117e+04 9.271233010239e+03 
-1.805938439604e+04 6.725068596494e+04 3.700220705139e+04 1.012753942185e+04 -1.828653491569e+04 -3.681952703308e+04 1.520251479066e+05 4.131841145393e+04 0.000000000000e+00 0.000000000000e+00 0.000000000000e+00 0.000000000000e+00 0.000000000000e+00 0.000000000000e+00 0.000000000000e+00 0.000000000000e+00 0.000000000000e+00 0.000000000000e+00 -2.558918153117e+02 -4.755901655472e+02 -1.949988129043e+02 6.848393881396e-01 3.471220965426e-01 2.516643719944e-01 3.632263914350e-01 1.927768802165e+00 5.873226012280e+00 1.771334864084e+01 8.673147988170e+01 1.072257525933e+03 9.271233010239e+03 5.939942721781e+04 
